Period,Time,Seconds,Score_Home,Score_Away,Team,Player,Action_Type,text,H1,H2,H3,H4,H5,A1,A2,A3,A4,A5
1,10:00,600,0,0,ALIMERKA OVIEDO BALONCESTO,R. Lobaco Muñoz,Substitution In,(ALIMERKA OVIEDO BALONCESTO) R. LOBACO MUÑOZ: Sustitución (Entra a pista),A. Barcello,A. Galan Pozo ,F. Dos Anjos De Paula,L. Westermann,Y. Barrueta,A. Faure Ribes,F. Nwaokorie,G. Parham Ii,M. Townes Villar,R. Lobaco Muñoz
1,10:00,600,0,0,ALIMERKA OVIEDO BALONCESTO,G. Parham Ii,Substitution In,(ALIMERKA OVIEDO BALONCESTO) G. PARHAM II: Sustitución (Entra a pista),A. Barcello,A. Galan Pozo ,F. Dos Anjos De Paula,L. Westermann,Y. Barrueta,A. Faure Ribes,F. Nwaokorie,G. Parham Ii,M. Townes Villar,R. Lobaco Muñoz
1,10:00,600,0,0,MONBUS OBRADOIRO,F. Dos Anjos De Paula,Substitution In,(MONBUS OBRADOIRO) F. DOS ANJOS DE PAULA: Sustitución (Entra a pista),A. Barcello,A. Galan Pozo ,F. Dos Anjos De Paula,L. Westermann,Y. Barrueta,A. Faure Ribes,F. Nwaokorie,G. Parham Ii,M. Townes Villar,R. Lobaco Muñoz
1,10:00,600,0,0,ALIMERKA OVIEDO BALONCESTO,A. Faure Ribes,Substitution In,(ALIMERKA OVIEDO BALONCESTO) A. FAURE RIBES: Sustitución (Entra a pista),A. Barcello,A. Galan Pozo ,F. Dos Anjos De Paula,L. Westermann,Y. Barrueta,A. Faure Ribes,F. Nwaokorie,G. Parham Ii,M. Townes Villar,R. Lobaco Muñoz
1,10:00,600,0,0,MONBUS OBRADOIRO,Y. Barrueta,Substitution In,(MONBUS OBRADOIRO) Y. BARRUETA: Sustitución (Entra a pista),A. Barcello,A. Galan Pozo ,F. Dos Anjos De Paula,L. Westermann,Y. Barrueta,A. Faure Ribes,F. Nwaokorie,G. Parham Ii,M. Townes Villar,R. Lobaco Muñoz
1,10:00,600,0,0,MONBUS OBRADOIRO,A. Barcello,Substitution In,(MONBUS OBRADOIRO) A. BARCELLO: Sustitución (Entra a pista),A. Barcello,A. Galan Pozo ,F. Dos Anjos De Paula,L. Westermann,Y. Barrueta,A. Faure Ribes,F. Nwaokorie,G. Parham Ii,M. Townes Villar,R. Lobaco Muñoz
1,10:00,600,0,0,MONBUS OBRADOIRO,L. Westermann,Substitution In,(MONBUS OBRADOIRO) L. WESTERMANN: Sustitución (Entra a pista),A. Barcello,A. Galan Pozo ,F. Dos Anjos De Paula,L. Westermann,Y. Barrueta,A. Faure Ribes,F. Nwaokorie,G. Parham Ii,M. Townes Villar,R. Lobaco Muñoz
1,10:00,600,0,0,ALIMERKA OVIEDO BALONCESTO,F. Nwaokorie,Substitution In,(ALIMERKA OVIEDO BALONCESTO) F. NWAOKORIE: Sustitución (Entra a pista),A. Barcello,A. Galan Pozo ,F. Dos Anjos De Paula,L. Westermann,Y. Barrueta,A. Faure Ribes,F. Nwaokorie,G. Parham Ii,M. Townes Villar,R. Lobaco Muñoz
1,10:00,600,0,0,MONBUS OBRADOIRO,A. Galan Pozo ,Substitution In,(MONBUS OBRADOIRO) A. GALAN POZO : Sustitución (Entra a pista),A. Barcello,A. Galan Pozo ,F. Dos Anjos De Paula,L. Westermann,Y. Barrueta,A. Faure Ribes,F. Nwaokorie,G. Parham Ii,M. Townes Villar,R. Lobaco Muñoz
1,10:00,600,0,0,ALIMERKA OVIEDO BALONCESTO,M. Townes Villar,Substitution In,(ALIMERKA OVIEDO BALONCESTO) M. TOWNES VILLAR: Sustitución (Entra a pista),A. Barcello,A. Galan Pozo ,F. Dos Anjos De Paula,L. Westermann,Y. Barrueta,A. Faure Ribes,F. Nwaokorie,G. Parham Ii,M. Townes Villar,R. Lobaco Muñoz
1,10:00,600,0,0,,,Period,Comienzo del Cuarto 1,A. Barcello,A. Galan Pozo ,F. Dos Anjos De Paula,L. Westermann,Y. Barrueta,A. Faure Ribes,F. Nwaokorie,G. Parham Ii,M. Townes Villar,R. Lobaco Muñoz
1,09:45,585,0,0,ALIMERKA OVIEDO BALONCESTO,A. Faure Ribes,Foul,(ALIMERKA OVIEDO BALONCESTO) A. FAURE RIBES: FALTA Personal (Faltas: 1. Faltas de equipo: 1). Tiros libres: 0,A. Barcello,A. Galan Pozo ,F. Dos Anjos De Paula,L. Westermann,Y. Barrueta,A. Faure Ribes,F. Nwaokorie,G. Parham Ii,M. Townes Villar,R. Lobaco Muñoz
1,09:39,579,2,0,MONBUS OBRADOIRO,F. Dos Anjos De Paula,2PT Made,(MONBUS OBRADOIRO) F. DOS ANJOS DE PAULA: TIRO DE 2 ANOTADO (Puntos: 2),A. Barcello,A. Galan Pozo ,F. Dos Anjos De Paula,L. Westermann,Y. Barrueta,A. Faure Ribes,F. Nwaokorie,G. Parham Ii,M. Townes Villar,R. Lobaco Muñoz
1,09:39,579,2,0,MONBUS OBRADOIRO,A. Galan Pozo ,Assist,(MONBUS OBRADOIRO) A. GALAN POZO : ASISTENCIA (Asistencias: 1),A. Barcello,A. Galan Pozo ,F. Dos Anjos De Paula,L. Westermann,Y. Barrueta,A. Faure Ribes,F. Nwaokorie,G. Parham Ii,M. Townes Villar,R. Lobaco Muñoz
1,09:19,559,2,0,ALIMERKA OVIEDO BALONCESTO,Rebote (Rebotes,Rebound,(ALIMERKA OVIEDO BALONCESTO) REBOTE (Rebotes: 0),A. Barcello,A. Galan Pozo ,F. Dos Anjos De Paula,L. Westermann,Y. Barrueta,A. Faure Ribes,F. Nwaokorie,G. Parham Ii,M. Townes Villar,R. Lobaco Muñoz
1,09:19,559,2,0,ALIMERKA OVIEDO BALONCESTO,G. Parham Ii,3PT Missed,(ALIMERKA OVIEDO BALONCESTO) G. PARHAM II: TIRO DE 3 FALLADO,A. Barcello,A. Galan Pozo ,F. Dos Anjos De Paula,L. Westermann,Y. Barrueta,A. Faure Ribes,F. Nwaokorie,G. Parham Ii,M. Townes Villar,R. Lobaco Muñoz
1,09:14,554,2,0,ALIMERKA OVIEDO BALONCESTO,Rebote (Rebotes,Rebound,(ALIMERKA OVIEDO BALONCESTO) REBOTE (Rebotes: 0),A. Barcello,A. Galan Pozo ,F. Dos Anjos De Paula,L. Westermann,Y. Barrueta,A. Faure Ribes,F. Nwaokorie,G. Parham Ii,M. Townes Villar,R. Lobaco Muñoz
1,09:14,554,2,0,ALIMERKA OVIEDO BALONCESTO,R. Lobaco Muñoz,3PT Missed,(ALIMERKA OVIEDO BALONCESTO) R. LOBACO MUÑOZ: TIRO DE 3 FALLADO,A. Barcello,A. Galan Pozo ,F. Dos Anjos De Paula,L. Westermann,Y. Barrueta,A. Faure Ribes,F. Nwaokorie,G. Parham Ii,M. Townes Villar,R. Lobaco Muñoz
1,09:08,548,2,0,ALIMERKA OVIEDO BALONCESTO,A. Faure Ribes,Substitution Out,(ALIMERKA OVIEDO BALONCESTO) A. FAURE RIBES: Sustitución (Sale de pista),A. Barcello,A. Galan Pozo ,F. Dos Anjos De Paula,L. Westermann,Y. Barrueta,F. Nwaokorie,G. Parham Ii,M. Townes Villar,R. Lobaco Muñoz,
1,09:08,548,2,0,ALIMERKA OVIEDO BALONCESTO,R. Cosialls Borras,Substitution In,(ALIMERKA OVIEDO BALONCESTO) R. COSIALLS BORRAS: Sustitución (Entra a pista),A. Barcello,A. Galan Pozo ,F. Dos Anjos De Paula,L. Westermann,Y. Barrueta,F. Nwaokorie,G. Parham Ii,M. Townes Villar,R. Cosialls Borras,R. Lobaco Muñoz
1,09:08,548,2,0,ALIMERKA OVIEDO BALONCESTO,A. Faure Ribes,Turnover,(ALIMERKA OVIEDO BALONCESTO) A. FAURE RIBES: PÉRDIDA (Pérdidas: 1),A. Barcello,A. Galan Pozo ,F. Dos Anjos De Paula,L. Westermann,Y. Barrueta,F. Nwaokorie,G. Parham Ii,M. Townes Villar,R. Cosialls Borras,R. Lobaco Muñoz
1,09:08,548,2,0,ALIMERKA OVIEDO BALONCESTO,A. Faure Ribes,Foul,(ALIMERKA OVIEDO BALONCESTO) A. FAURE RIBES: FALTA Ofensiva (Faltas: 2. Faltas de equipo: 2). Tiros libres: 0,A. Barcello,A. Galan Pozo ,F. Dos Anjos De Paula,L. Westermann,Y. Barrueta,F. Nwaokorie,G. Parham Ii,M. Townes Villar,R. Cosialls Borras,R. Lobaco Muñoz
1,08:49,529,2,0,ALIMERKA OVIEDO BALONCESTO,R. Cosialls Borras,Rebound,(ALIMERKA OVIEDO BALONCESTO) R. COSIALLS BORRAS: REBOTE (Rebotes: 1),A. Barcello,A. Galan Pozo ,F. Dos Anjos De Paula,L. Westermann,Y. Barrueta,F. Nwaokorie,G. Parham Ii,M. Townes Villar,R. Cosialls Borras,R. Lobaco Muñoz
1,08:49,529,2,0,MONBUS OBRADOIRO,A. Galan Pozo ,2PT Missed,(MONBUS OBRADOIRO) A. GALAN POZO : TIRO DE 2 FALLADO,A. Barcello,A. Galan Pozo ,F. Dos Anjos De Paula,L. Westermann,Y. Barrueta,F. Nwaokorie,G. Parham Ii,M. Townes Villar,R. Cosialls Borras,R. Lobaco Muñoz
1,08:39,519,2,0,MONBUS OBRADOIRO,L. Westermann,Foul,(MONBUS OBRADOIRO) L. WESTERMANN: FALTA Personal (Faltas: 1. Faltas de equipo: 1). Tiros libres: 0,A. Barcello,A. Galan Pozo ,F. Dos Anjos De Paula,L. Westermann,Y. Barrueta,F. Nwaokorie,G. Parham Ii,M. Townes Villar,R. Cosialls Borras,R. Lobaco Muñoz
1,08:34,514,2,0,MONBUS OBRADOIRO,L. Westermann,Rebound,(MONBUS OBRADOIRO) L. WESTERMANN: REBOTE (Rebotes: 1),A. Barcello,A. Galan Pozo ,F. Dos Anjos De Paula,L. Westermann,Y. Barrueta,F. Nwaokorie,G. Parham Ii,M. Townes Villar,R. Cosialls Borras,R. Lobaco Muñoz
1,08:34,514,2,0,ALIMERKA OVIEDO BALONCESTO,M. Townes Villar,3PT Missed,(ALIMERKA OVIEDO BALONCESTO) M. TOWNES VILLAR: TIRO DE 3 FALLADO,A. Barcello,A. Galan Pozo ,F. Dos Anjos De Paula,L. Westermann,Y. Barrueta,F. Nwaokorie,G. Parham Ii,M. Townes Villar,R. Cosialls Borras,R. Lobaco Muñoz
1,08:24,504,4,0,MONBUS OBRADOIRO,L. Westermann,2PT Made,(MONBUS OBRADOIRO) L. WESTERMANN: TIRO DE 2 ANOTADO (Puntos: 2),A. Barcello,A. Galan Pozo ,F. Dos Anjos De Paula,L. Westermann,Y. Barrueta,F. Nwaokorie,G. Parham Ii,M. Townes Villar,R. Cosialls Borras,R. Lobaco Muñoz
1,08:08,488,4,0,ALIMERKA OVIEDO BALONCESTO,F. Nwaokorie,3PT Missed,(ALIMERKA OVIEDO BALONCESTO) F. NWAOKORIE: TIRO DE 3 FALLADO,A. Barcello,A. Galan Pozo ,F. Dos Anjos De Paula,L. Westermann,Y. Barrueta,F. Nwaokorie,G. Parham Ii,M. Townes Villar,R. Cosialls Borras,R. Lobaco Muñoz
1,08:06,486,4,0,ALIMERKA OVIEDO BALONCESTO,R. Cosialls Borras,Foul,(ALIMERKA OVIEDO BALONCESTO) R. COSIALLS BORRAS: FALTA Ofensiva (Faltas: 1. Faltas de equipo: 3). Tiros libres: 0,A. Barcello,A. Galan Pozo ,F. Dos Anjos De Paula,L. Westermann,Y. Barrueta,F. Nwaokorie,G. Parham Ii,M. Townes Villar,R. Cosialls Borras,R. Lobaco Muñoz
1,07:54,474,6,0,MONBUS OBRADOIRO,A. Galan Pozo ,2PT Made,(MONBUS OBRADOIRO) A. GALAN POZO : TIRO DE 2 ANOTADO (Puntos: 2),A. Barcello,A. Galan Pozo ,F. Dos Anjos De Paula,L. Westermann,Y. Barrueta,F. Nwaokorie,G. Parham Ii,M. Townes Villar,R. Cosialls Borras,R. Lobaco Muñoz
1,07:54,474,6,0,MONBUS OBRADOIRO,A. Barcello,Assist,(MONBUS OBRADOIRO) A. BARCELLO: ASISTENCIA (Asistencias: 1),A. Barcello,A. Galan Pozo ,F. Dos Anjos De Paula,L. Westermann,Y. Barrueta,F. Nwaokorie,G. Parham Ii,M. Townes Villar,R. Cosialls Borras,R. Lobaco Muñoz
1,07:40,460,6,0,MONBUS OBRADOIRO,Rebote (Rebotes,Rebound,(MONBUS OBRADOIRO) REBOTE (Rebotes: 1),A. Barcello,A. Galan Pozo ,F. Dos Anjos De Paula,L. Westermann,Y. Barrueta,F. Nwaokorie,G. Parham Ii,M. Townes Villar,R. Cosialls Borras,R. Lobaco Muñoz
1,07:40,460,6,0,ALIMERKA OVIEDO BALONCESTO,F. Nwaokorie,2PT Missed,(ALIMERKA OVIEDO BALONCESTO) F. NWAOKORIE: TIRO DE 2 FALLADO,A. Barcello,A. Galan Pozo ,F. Dos Anjos De Paula,L. Westermann,Y. Barrueta,F. Nwaokorie,G. Parham Ii,M. Townes Villar,R. Cosialls Borras,R. Lobaco Muñoz
1,07:21,441,6,0,ALIMERKA OVIEDO BALONCESTO,F. Nwaokorie,Substitution Out,(ALIMERKA OVIEDO BALONCESTO) F. NWAOKORIE: Sustitución (Sale de pista),A. Barcello,A. Galan Pozo ,F. Dos Anjos De Paula,L. Westermann,Y. Barrueta,G. Parham Ii,M. Townes Villar,R. Cosialls Borras,R. Lobaco Muñoz,
1,07:21,441,6,0,ALIMERKA OVIEDO BALONCESTO,D. Shelist,Substitution In,(ALIMERKA OVIEDO BALONCESTO) D. SHELIST: Sustitución (Entra a pista),A. Barcello,A. Galan Pozo ,F. Dos Anjos De Paula,L. Westermann,Y. Barrueta,D. Shelist,G. Parham Ii,M. Townes Villar,R. Cosialls Borras,R. Lobaco Muñoz
1,07:13,433,6,0,ALIMERKA OVIEDO BALONCESTO,R. Cosialls Borras,Rebound,(ALIMERKA OVIEDO BALONCESTO) R. COSIALLS BORRAS: REBOTE (Rebotes: 2),A. Barcello,A. Galan Pozo ,F. Dos Anjos De Paula,L. Westermann,Y. Barrueta,D. Shelist,G. Parham Ii,M. Townes Villar,R. Cosialls Borras,R. Lobaco Muñoz
1,07:13,433,6,0,MONBUS OBRADOIRO,L. Westermann,2PT Missed,(MONBUS OBRADOIRO) L. WESTERMANN: TIRO DE 2 FALLADO,A. Barcello,A. Galan Pozo ,F. Dos Anjos De Paula,L. Westermann,Y. Barrueta,D. Shelist,G. Parham Ii,M. Townes Villar,R. Cosialls Borras,R. Lobaco Muñoz
1,07:03,423,6,3,ALIMERKA OVIEDO BALONCESTO,M. Townes Villar,3PT Made,(ALIMERKA OVIEDO BALONCESTO) M. TOWNES VILLAR: TIRO DE 3 ANOTADO (Puntos: 3),A. Barcello,A. Galan Pozo ,F. Dos Anjos De Paula,L. Westermann,Y. Barrueta,D. Shelist,G. Parham Ii,M. Townes Villar,R. Cosialls Borras,R. Lobaco Muñoz
1,06:51,411,6,3,ALIMERKA OVIEDO BALONCESTO,M. Townes Villar,Rebound,(ALIMERKA OVIEDO BALONCESTO) M. TOWNES VILLAR: REBOTE (Rebotes: 1),A. Barcello,A. Galan Pozo ,F. Dos Anjos De Paula,L. Westermann,Y. Barrueta,D. Shelist,G. Parham Ii,M. Townes Villar,R. Cosialls Borras,R. Lobaco Muñoz
1,06:51,411,6,3,MONBUS OBRADOIRO,Y. Barrueta,3PT Missed,(MONBUS OBRADOIRO) Y. BARRUETA: TIRO DE 3 FALLADO,A. Barcello,A. Galan Pozo ,F. Dos Anjos De Paula,L. Westermann,Y. Barrueta,D. Shelist,G. Parham Ii,M. Townes Villar,R. Cosialls Borras,R. Lobaco Muñoz
1,06:42,402,6,3,MONBUS OBRADOIRO,A. Galan Pozo ,Rebound,(MONBUS OBRADOIRO) A. GALAN POZO : REBOTE (Rebotes: 1),A. Barcello,A. Galan Pozo ,F. Dos Anjos De Paula,L. Westermann,Y. Barrueta,D. Shelist,G. Parham Ii,M. Townes Villar,R. Cosialls Borras,R. Lobaco Muñoz
1,06:42,402,6,3,ALIMERKA OVIEDO BALONCESTO,G. Parham Ii,2PT Missed,(ALIMERKA OVIEDO BALONCESTO) G. PARHAM II: TIRO DE 2 FALLADO,A. Barcello,A. Galan Pozo ,F. Dos Anjos De Paula,L. Westermann,Y. Barrueta,D. Shelist,G. Parham Ii,M. Townes Villar,R. Cosialls Borras,R. Lobaco Muñoz
1,06:26,386,8,3,MONBUS OBRADOIRO,F. Dos Anjos De Paula,2PT Made,(MONBUS OBRADOIRO) F. DOS ANJOS DE PAULA: MATE ANOTADO (Puntos: 4),A. Barcello,A. Galan Pozo ,F. Dos Anjos De Paula,L. Westermann,Y. Barrueta,D. Shelist,G. Parham Ii,M. Townes Villar,R. Cosialls Borras,R. Lobaco Muñoz
1,06:26,386,8,3,MONBUS OBRADOIRO,L. Westermann,Assist,(MONBUS OBRADOIRO) L. WESTERMANN: ASISTENCIA (Asistencias: 1),A. Barcello,A. Galan Pozo ,F. Dos Anjos De Paula,L. Westermann,Y. Barrueta,D. Shelist,G. Parham Ii,M. Townes Villar,R. Cosialls Borras,R. Lobaco Muñoz
1,06:06,366,8,3,ALIMERKA OVIEDO BALONCESTO,R. Lobaco Muñoz,Rebound,(ALIMERKA OVIEDO BALONCESTO) R. LOBACO MUÑOZ: REBOTE (Rebotes: 1),A. Barcello,A. Galan Pozo ,F. Dos Anjos De Paula,L. Westermann,Y. Barrueta,D. Shelist,G. Parham Ii,M. Townes Villar,R. Cosialls Borras,R. Lobaco Muñoz
1,06:06,366,8,3,ALIMERKA OVIEDO BALONCESTO,D. Shelist,3PT Missed,(ALIMERKA OVIEDO BALONCESTO) D. SHELIST: TIRO DE 3 FALLADO,A. Barcello,A. Galan Pozo ,F. Dos Anjos De Paula,L. Westermann,Y. Barrueta,D. Shelist,G. Parham Ii,M. Townes Villar,R. Cosialls Borras,R. Lobaco Muñoz
1,06:02,362,8,3,ALIMERKA OVIEDO BALONCESTO,G. Parham Ii,Substitution Out,(ALIMERKA OVIEDO BALONCESTO) G. PARHAM II: Sustitución (Sale de pista),A. Barcello,A. Galan Pozo ,F. Dos Anjos De Paula,L. Westermann,Y. Barrueta,D. Shelist,M. Townes Villar,R. Cosialls Borras,R. Lobaco Muñoz,
1,06:02,362,8,3,MONBUS OBRADOIRO,L. Westermann,Substitution Out,(MONBUS OBRADOIRO) L. WESTERMANN: Sustitución (Sale de pista),A. Barcello,A. Galan Pozo ,F. Dos Anjos De Paula,Y. Barrueta,,D. Shelist,M. Townes Villar,R. Cosialls Borras,R. Lobaco Muñoz,
1,06:02,362,8,3,ALIMERKA OVIEDO BALONCESTO,D. Duscak,Substitution In,(ALIMERKA OVIEDO BALONCESTO) D. DUSCAK: Sustitución (Entra a pista),A. Barcello,A. Galan Pozo ,F. Dos Anjos De Paula,Y. Barrueta,,D. Duscak,D. Shelist,M. Townes Villar,R. Cosialls Borras,R. Lobaco Muñoz
1,06:02,362,8,3,MONBUS OBRADOIRO,M. Speight,Substitution In,(MONBUS OBRADOIRO) M. SPEIGHT: Sustitución (Entra a pista),A. Barcello,A. Galan Pozo ,F. Dos Anjos De Paula,M. Speight,Y. Barrueta,D. Duscak,D. Shelist,M. Townes Villar,R. Cosialls Borras,R. Lobaco Muñoz
1,06:02,362,8,3,MONBUS OBRADOIRO,Y. Barrueta,Foul,(MONBUS OBRADOIRO) Y. BARRUETA: FALTA Personal (Faltas: 1. Faltas de equipo: 2). Tiros libres: 0,A. Barcello,A. Galan Pozo ,F. Dos Anjos De Paula,M. Speight,Y. Barrueta,D. Duscak,D. Shelist,M. Townes Villar,R. Cosialls Borras,R. Lobaco Muñoz
1,05:59,359,8,3,MONBUS OBRADOIRO,Y. Barrueta,Substitution Out,(MONBUS OBRADOIRO) Y. BARRUETA: Sustitución (Sale de pista),A. Barcello,A. Galan Pozo ,F. Dos Anjos De Paula,M. Speight,,D. Duscak,D. Shelist,M. Townes Villar,R. Cosialls Borras,R. Lobaco Muñoz
1,05:59,359,8,3,MONBUS OBRADOIRO,D. De Sousa Anjo Brito,Substitution In,(MONBUS OBRADOIRO) D. DE SOUSA ANJO BRITO: Sustitución (Entra a pista),A. Barcello,A. Galan Pozo ,D. De Sousa Anjo Brito,F. Dos Anjos De Paula,M. Speight,D. Duscak,D. Shelist,M. Townes Villar,R. Cosialls Borras,R. Lobaco Muñoz
1,05:59,359,8,3,MONBUS OBRADOIRO,Y. Barrueta,Foul,(MONBUS OBRADOIRO) Y. BARRUETA: FALTA Personal (Faltas: 2. Faltas de equipo: 3). Tiros libres: 0,A. Barcello,A. Galan Pozo ,D. De Sousa Anjo Brito,F. Dos Anjos De Paula,M. Speight,D. Duscak,D. Shelist,M. Townes Villar,R. Cosialls Borras,R. Lobaco Muñoz
1,05:49,349,8,3,MONBUS OBRADOIRO,A. Galan Pozo ,Rebound,(MONBUS OBRADOIRO) A. GALAN POZO : REBOTE (Rebotes: 2),A. Barcello,A. Galan Pozo ,D. De Sousa Anjo Brito,F. Dos Anjos De Paula,M. Speight,D. Duscak,D. Shelist,M. Townes Villar,R. Cosialls Borras,R. Lobaco Muñoz
1,05:49,349,8,3,ALIMERKA OVIEDO BALONCESTO,D. Duscak,2PT Missed,(ALIMERKA OVIEDO BALONCESTO) D. DUSCAK: TIRO DE 2 FALLADO,A. Barcello,A. Galan Pozo ,D. De Sousa Anjo Brito,F. Dos Anjos De Paula,M. Speight,D. Duscak,D. Shelist,M. Townes Villar,R. Cosialls Borras,R. Lobaco Muñoz
1,05:42,342,8,3,MONBUS OBRADOIRO,F. Dos Anjos De Paula,Rebound,(MONBUS OBRADOIRO) F. DOS ANJOS DE PAULA: REBOTE (Rebotes: 1),A. Barcello,A. Galan Pozo ,D. De Sousa Anjo Brito,F. Dos Anjos De Paula,M. Speight,D. Duscak,D. Shelist,M. Townes Villar,R. Cosialls Borras,R. Lobaco Muñoz
1,05:42,342,8,3,ALIMERKA OVIEDO BALONCESTO,R. Lobaco Muñoz,3PT Missed,(ALIMERKA OVIEDO BALONCESTO) R. LOBACO MUÑOZ: TIRO DE 3 FALLADO,A. Barcello,A. Galan Pozo ,D. De Sousa Anjo Brito,F. Dos Anjos De Paula,M. Speight,D. Duscak,D. Shelist,M. Townes Villar,R. Cosialls Borras,R. Lobaco Muñoz
1,05:36,336,8,5,ALIMERKA OVIEDO BALONCESTO,D. Shelist,2PT Made,(ALIMERKA OVIEDO BALONCESTO) D. SHELIST: MATE ANOTADO (Puntos: 2),A. Barcello,A. Galan Pozo ,D. De Sousa Anjo Brito,F. Dos Anjos De Paula,M. Speight,D. Duscak,D. Shelist,M. Townes Villar,R. Cosialls Borras,R. Lobaco Muñoz
1,05:36,336,8,5,ALIMERKA OVIEDO BALONCESTO,M. Townes Villar,Assist,(ALIMERKA OVIEDO BALONCESTO) M. TOWNES VILLAR: ASISTENCIA (Asistencias: 1),A. Barcello,A. Galan Pozo ,D. De Sousa Anjo Brito,F. Dos Anjos De Paula,M. Speight,D. Duscak,D. Shelist,M. Townes Villar,R. Cosialls Borras,R. Lobaco Muñoz
1,05:13,313,8,5,ALIMERKA OVIEDO BALONCESTO,R. Lobaco Muñoz,Rebound,(ALIMERKA OVIEDO BALONCESTO) R. LOBACO MUÑOZ: REBOTE (Rebotes: 2),A. Barcello,A. Galan Pozo ,D. De Sousa Anjo Brito,F. Dos Anjos De Paula,M. Speight,D. Duscak,D. Shelist,M. Townes Villar,R. Cosialls Borras,R. Lobaco Muñoz
1,05:13,313,8,5,MONBUS OBRADOIRO,A. Barcello,3PT Missed,(MONBUS OBRADOIRO) A. BARCELLO: TIRO DE 3 FALLADO,A. Barcello,A. Galan Pozo ,D. De Sousa Anjo Brito,F. Dos Anjos De Paula,M. Speight,D. Duscak,D. Shelist,M. Townes Villar,R. Cosialls Borras,R. Lobaco Muñoz
1,05:01,301,8,5,MONBUS OBRADOIRO,A. Barcello,Steal,(MONBUS OBRADOIRO) A. BARCELLO: ROBO (Robos: 1),A. Barcello,A. Galan Pozo ,D. De Sousa Anjo Brito,F. Dos Anjos De Paula,M. Speight,D. Duscak,D. Shelist,M. Townes Villar,R. Cosialls Borras,R. Lobaco Muñoz
1,05:01,301,8,5,ALIMERKA OVIEDO BALONCESTO,D. Duscak,Turnover,(ALIMERKA OVIEDO BALONCESTO) D. DUSCAK: PÉRDIDA (Pérdidas: 1),A. Barcello,A. Galan Pozo ,D. De Sousa Anjo Brito,F. Dos Anjos De Paula,M. Speight,D. Duscak,D. Shelist,M. Townes Villar,R. Cosialls Borras,R. Lobaco Muñoz
1,04:57,297,10,5,MONBUS OBRADOIRO,A. Barcello,2PT Made,(MONBUS OBRADOIRO) A. BARCELLO: TIRO DE 2 ANOTADO (Puntos: 2),A. Barcello,A. Galan Pozo ,D. De Sousa Anjo Brito,F. Dos Anjos De Paula,M. Speight,D. Duscak,D. Shelist,M. Townes Villar,R. Cosialls Borras,R. Lobaco Muñoz
1,04:48,288,10,5,MONBUS OBRADOIRO,A. Galan Pozo ,Substitution Out,(MONBUS OBRADOIRO) A. GALAN POZO : Sustitución (Sale de pista),A. Barcello,D. De Sousa Anjo Brito,F. Dos Anjos De Paula,M. Speight,,D. Duscak,D. Shelist,M. Townes Villar,R. Cosialls Borras,R. Lobaco Muñoz
1,04:48,288,10,5,ALIMERKA OVIEDO BALONCESTO,M. Townes Villar,Substitution Out,(ALIMERKA OVIEDO BALONCESTO) M. TOWNES VILLAR: Sustitución (Sale de pista),A. Barcello,D. De Sousa Anjo Brito,F. Dos Anjos De Paula,M. Speight,,D. Duscak,D. Shelist,R. Cosialls Borras,R. Lobaco Muñoz,
1,04:48,288,10,5,MONBUS OBRADOIRO,F. Dos Anjos De Paula,Substitution Out,(MONBUS OBRADOIRO) F. DOS ANJOS DE PAULA: Sustitución (Sale de pista),A. Barcello,D. De Sousa Anjo Brito,M. Speight,,,D. Duscak,D. Shelist,R. Cosialls Borras,R. Lobaco Muñoz,
1,04:48,288,10,5,MONBUS OBRADOIRO,A. Barcello,Substitution Out,(MONBUS OBRADOIRO) A. BARCELLO: Sustitución (Sale de pista),D. De Sousa Anjo Brito,M. Speight,,,,D. Duscak,D. Shelist,R. Cosialls Borras,R. Lobaco Muñoz,
1,04:48,288,10,5,MONBUS OBRADOIRO,S. Quintela Salvador,Substitution In,(MONBUS OBRADOIRO) S. QUINTELA SALVADOR: Sustitución (Entra a pista),D. De Sousa Anjo Brito,M. Speight,S. Quintela Salvador,,,D. Duscak,D. Shelist,R. Cosialls Borras,R. Lobaco Muñoz,
1,04:48,288,10,5,MONBUS OBRADOIRO,D. Kravic,Substitution In,(MONBUS OBRADOIRO) D. KRAVIC: Sustitución (Entra a pista),D. De Sousa Anjo Brito,D. Kravic,M. Speight,S. Quintela Salvador,,D. Duscak,D. Shelist,R. Cosialls Borras,R. Lobaco Muñoz,
1,04:48,288,10,5,ALIMERKA OVIEDO BALONCESTO,C. Hermanson,Substitution In,(ALIMERKA OVIEDO BALONCESTO) C. HERMANSON: Sustitución (Entra a pista),D. De Sousa Anjo Brito,D. Kravic,M. Speight,S. Quintela Salvador,,C. Hermanson,D. Duscak,D. Shelist,R. Cosialls Borras,R. Lobaco Muñoz
1,04:48,288,10,5,MONBUS OBRADOIRO,R. Andersson,Substitution In,(MONBUS OBRADOIRO) R. ANDERSSON: Sustitución (Entra a pista),D. De Sousa Anjo Brito,D. Kravic,M. Speight,R. Andersson,S. Quintela Salvador,C. Hermanson,D. Duscak,D. Shelist,R. Cosialls Borras,R. Lobaco Muñoz
1,04:39,279,10,5,MONBUS OBRADOIRO,D. Kravic,Foul,(MONBUS OBRADOIRO) D. KRAVIC: FALTA Personal (Faltas: 1. Faltas de equipo: 4). Tiros libres: 0,D. De Sousa Anjo Brito,D. Kravic,M. Speight,R. Andersson,S. Quintela Salvador,C. Hermanson,D. Duscak,D. Shelist,R. Cosialls Borras,R. Lobaco Muñoz
1,04:28,268,10,5,MONBUS OBRADOIRO,R. Andersson,Rebound,(MONBUS OBRADOIRO) R. ANDERSSON: REBOTE (Rebotes: 1),D. De Sousa Anjo Brito,D. Kravic,M. Speight,R. Andersson,S. Quintela Salvador,C. Hermanson,D. Duscak,D. Shelist,R. Cosialls Borras,R. Lobaco Muñoz
1,04:28,268,10,5,ALIMERKA OVIEDO BALONCESTO,R. Cosialls Borras,2PT Missed,(ALIMERKA OVIEDO BALONCESTO) R. COSIALLS BORRAS: TIRO DE 2 FALLADO,D. De Sousa Anjo Brito,D. Kravic,M. Speight,R. Andersson,S. Quintela Salvador,C. Hermanson,D. Duscak,D. Shelist,R. Cosialls Borras,R. Lobaco Muñoz
1,04:07,247,10,5,ALIMERKA OVIEDO BALONCESTO,C. Hermanson,Rebound,(ALIMERKA OVIEDO BALONCESTO) C. HERMANSON: REBOTE (Rebotes: 1),D. De Sousa Anjo Brito,D. Kravic,M. Speight,R. Andersson,S. Quintela Salvador,C. Hermanson,D. Duscak,D. Shelist,R. Cosialls Borras,R. Lobaco Muñoz
1,04:07,247,10,5,MONBUS OBRADOIRO,D. Kravic,2PT Missed,(MONBUS OBRADOIRO) D. KRAVIC: TIRO DE 2 FALLADO,D. De Sousa Anjo Brito,D. Kravic,M. Speight,R. Andersson,S. Quintela Salvador,C. Hermanson,D. Duscak,D. Shelist,R. Cosialls Borras,R. Lobaco Muñoz
1,03:45,225,10,6,ALIMERKA OVIEDO BALONCESTO,R. Cosialls Borras,FT Made,(ALIMERKA OVIEDO BALONCESTO) R. COSIALLS BORRAS: TIRO DE 1 ANOTADO (Puntos: 1),D. De Sousa Anjo Brito,D. Kravic,M. Speight,R. Andersson,S. Quintela Salvador,C. Hermanson,D. Duscak,D. Shelist,R. Cosialls Borras,R. Lobaco Muñoz
1,03:45,225,10,7,ALIMERKA OVIEDO BALONCESTO,R. Cosialls Borras,FT Made,(ALIMERKA OVIEDO BALONCESTO) R. COSIALLS BORRAS: TIRO DE 1 ANOTADO (Puntos: 2),D. De Sousa Anjo Brito,D. Kravic,M. Speight,R. Andersson,S. Quintela Salvador,C. Hermanson,D. Duscak,D. Shelist,R. Cosialls Borras,R. Lobaco Muñoz
1,03:45,225,10,7,ALIMERKA OVIEDO BALONCESTO,R. Cosialls Borras,Substitution Out,(ALIMERKA OVIEDO BALONCESTO) R. COSIALLS BORRAS: Sustitución (Sale de pista),D. De Sousa Anjo Brito,D. Kravic,M. Speight,R. Andersson,S. Quintela Salvador,C. Hermanson,D. Duscak,D. Shelist,R. Lobaco Muñoz,
1,03:45,225,10,7,ALIMERKA OVIEDO BALONCESTO,F. Nwaokorie,Substitution In,(ALIMERKA OVIEDO BALONCESTO) F. NWAOKORIE: Sustitución (Entra a pista),D. De Sousa Anjo Brito,D. Kravic,M. Speight,R. Andersson,S. Quintela Salvador,C. Hermanson,D. Duscak,D. Shelist,F. Nwaokorie,R. Lobaco Muñoz
1,03:45,225,10,7,MONBUS OBRADOIRO,M. Speight,Foul,(MONBUS OBRADOIRO) M. SPEIGHT: FALTA Personal (Faltas: 1. Faltas de equipo: 5). Tiros libres: 2,D. De Sousa Anjo Brito,D. Kravic,M. Speight,R. Andersson,S. Quintela Salvador,C. Hermanson,D. Duscak,D. Shelist,F. Nwaokorie,R. Lobaco Muñoz
1,03:32,212,12,7,MONBUS OBRADOIRO,D. De Sousa Anjo Brito,2PT Made,(MONBUS OBRADOIRO) D. DE SOUSA ANJO BRITO: TIRO DE 2 ANOTADO (Puntos: 2),D. De Sousa Anjo Brito,D. Kravic,M. Speight,R. Andersson,S. Quintela Salvador,C. Hermanson,D. Duscak,D. Shelist,F. Nwaokorie,R. Lobaco Muñoz
1,03:32,212,12,7,MONBUS OBRADOIRO,D. Kravic,Assist,(MONBUS OBRADOIRO) D. KRAVIC: ASISTENCIA (Asistencias: 1),D. De Sousa Anjo Brito,D. Kravic,M. Speight,R. Andersson,S. Quintela Salvador,C. Hermanson,D. Duscak,D. Shelist,F. Nwaokorie,R. Lobaco Muñoz
1,03:19,199,12,7,ALIMERKA OVIEDO BALONCESTO,D. Shelist,Turnover,(ALIMERKA OVIEDO BALONCESTO) D. SHELIST: PÉRDIDA (Pérdidas: 1),D. De Sousa Anjo Brito,D. Kravic,M. Speight,R. Andersson,S. Quintela Salvador,C. Hermanson,D. Duscak,D. Shelist,F. Nwaokorie,R. Lobaco Muñoz
1,03:19,199,12,7,ALIMERKA OVIEDO BALONCESTO,D. Shelist,Foul,(ALIMERKA OVIEDO BALONCESTO) D. SHELIST: FALTA Ofensiva (Faltas: 1. Faltas de equipo: 4). Tiros libres: 0,D. De Sousa Anjo Brito,D. Kravic,M. Speight,R. Andersson,S. Quintela Salvador,C. Hermanson,D. Duscak,D. Shelist,F. Nwaokorie,R. Lobaco Muñoz
1,02:58,178,12,7,ALIMERKA OVIEDO BALONCESTO,D. Duscak,Steal,(ALIMERKA OVIEDO BALONCESTO) D. DUSCAK: ROBO (Robos: 1),D. De Sousa Anjo Brito,D. Kravic,M. Speight,R. Andersson,S. Quintela Salvador,C. Hermanson,D. Duscak,D. Shelist,F. Nwaokorie,R. Lobaco Muñoz
1,02:58,178,12,7,MONBUS OBRADOIRO,R. Andersson,Turnover,(MONBUS OBRADOIRO) R. ANDERSSON: PÉRDIDA (Pérdidas: 1),D. De Sousa Anjo Brito,D. Kravic,M. Speight,R. Andersson,S. Quintela Salvador,C. Hermanson,D. Duscak,D. Shelist,F. Nwaokorie,R. Lobaco Muñoz
1,02:53,173,12,7,MONBUS OBRADOIRO,M. Speight,Steal,(MONBUS OBRADOIRO) M. SPEIGHT: ROBO (Robos: 1),D. De Sousa Anjo Brito,D. Kravic,M. Speight,R. Andersson,S. Quintela Salvador,C. Hermanson,D. Duscak,D. Shelist,F. Nwaokorie,R. Lobaco Muñoz
1,02:53,173,12,7,ALIMERKA OVIEDO BALONCESTO,C. Hermanson,Turnover,(ALIMERKA OVIEDO BALONCESTO) C. HERMANSON: PÉRDIDA (Pérdidas: 1),D. De Sousa Anjo Brito,D. Kravic,M. Speight,R. Andersson,S. Quintela Salvador,C. Hermanson,D. Duscak,D. Shelist,F. Nwaokorie,R. Lobaco Muñoz
1,02:37,157,12,7,ALIMERKA OVIEDO BALONCESTO,C. Hermanson,Rebound,(ALIMERKA OVIEDO BALONCESTO) C. HERMANSON: REBOTE (Rebotes: 2),D. De Sousa Anjo Brito,D. Kravic,M. Speight,R. Andersson,S. Quintela Salvador,C. Hermanson,D. Duscak,D. Shelist,F. Nwaokorie,R. Lobaco Muñoz
1,02:37,157,12,7,MONBUS OBRADOIRO,R. Andersson,3PT Missed,(MONBUS OBRADOIRO) R. ANDERSSON: TIRO DE 3 FALLADO,D. De Sousa Anjo Brito,D. Kravic,M. Speight,R. Andersson,S. Quintela Salvador,C. Hermanson,D. Duscak,D. Shelist,F. Nwaokorie,R. Lobaco Muñoz
1,02:28,148,12,9,ALIMERKA OVIEDO BALONCESTO,F. Nwaokorie,2PT Made,(ALIMERKA OVIEDO BALONCESTO) F. NWAOKORIE: MATE ANOTADO (Puntos: 2),D. De Sousa Anjo Brito,D. Kravic,M. Speight,R. Andersson,S. Quintela Salvador,C. Hermanson,D. Duscak,D. Shelist,F. Nwaokorie,R. Lobaco Muñoz
1,02:28,148,12,9,ALIMERKA OVIEDO BALONCESTO,D. Duscak,Assist,(ALIMERKA OVIEDO BALONCESTO) D. DUSCAK: ASISTENCIA (Asistencias: 1),D. De Sousa Anjo Brito,D. Kravic,M. Speight,R. Andersson,S. Quintela Salvador,C. Hermanson,D. Duscak,D. Shelist,F. Nwaokorie,R. Lobaco Muñoz
1,02:09,129,12,9,ALIMERKA OVIEDO BALONCESTO,D. Shelist,Steal,(ALIMERKA OVIEDO BALONCESTO) D. SHELIST: ROBO (Robos: 1),D. De Sousa Anjo Brito,D. Kravic,M. Speight,R. Andersson,S. Quintela Salvador,C. Hermanson,D. Duscak,D. Shelist,F. Nwaokorie,R. Lobaco Muñoz
1,02:09,129,12,9,MONBUS OBRADOIRO,S. Quintela Salvador,Turnover,(MONBUS OBRADOIRO) S. QUINTELA SALVADOR: PÉRDIDA (Pérdidas: 1),D. De Sousa Anjo Brito,D. Kravic,M. Speight,R. Andersson,S. Quintela Salvador,C. Hermanson,D. Duscak,D. Shelist,F. Nwaokorie,R. Lobaco Muñoz
1,02:05,125,12,9,MONBUS OBRADOIRO,D. Kravic,Steal,(MONBUS OBRADOIRO) D. KRAVIC: ROBO (Robos: 1),D. De Sousa Anjo Brito,D. Kravic,M. Speight,R. Andersson,S. Quintela Salvador,C. Hermanson,D. Duscak,D. Shelist,F. Nwaokorie,R. Lobaco Muñoz
1,02:05,125,12,9,ALIMERKA OVIEDO BALONCESTO,D. Shelist,Turnover,(ALIMERKA OVIEDO BALONCESTO) D. SHELIST: PÉRDIDA (Pérdidas: 2),D. De Sousa Anjo Brito,D. Kravic,M. Speight,R. Andersson,S. Quintela Salvador,C. Hermanson,D. Duscak,D. Shelist,F. Nwaokorie,R. Lobaco Muñoz
1,02:00,120,14,9,MONBUS OBRADOIRO,D. Kravic,2PT Made,(MONBUS OBRADOIRO) D. KRAVIC: TIRO DE 2 ANOTADO (Puntos: 2),D. De Sousa Anjo Brito,D. Kravic,M. Speight,R. Andersson,S. Quintela Salvador,C. Hermanson,D. Duscak,D. Shelist,F. Nwaokorie,R. Lobaco Muñoz
1,01:50,110,14,9,MONBUS OBRADOIRO,S. Quintela Salvador,Rebound,(MONBUS OBRADOIRO) S. QUINTELA SALVADOR: REBOTE (Rebotes: 1),D. De Sousa Anjo Brito,D. Kravic,M. Speight,R. Andersson,S. Quintela Salvador,C. Hermanson,D. Duscak,D. Shelist,F. Nwaokorie,R. Lobaco Muñoz
1,01:50,110,14,9,ALIMERKA OVIEDO BALONCESTO,F. Nwaokorie,3PT Missed,(ALIMERKA OVIEDO BALONCESTO) F. NWAOKORIE: TIRO DE 3 FALLADO,D. De Sousa Anjo Brito,D. Kravic,M. Speight,R. Andersson,S. Quintela Salvador,C. Hermanson,D. Duscak,D. Shelist,F. Nwaokorie,R. Lobaco Muñoz
1,01:41,101,14,9,ALIMERKA OVIEDO BALONCESTO,C. Hermanson,Rebound,(ALIMERKA OVIEDO BALONCESTO) C. HERMANSON: REBOTE (Rebotes: 3),D. De Sousa Anjo Brito,D. Kravic,M. Speight,R. Andersson,S. Quintela Salvador,C. Hermanson,D. Duscak,D. Shelist,F. Nwaokorie,R. Lobaco Muñoz
1,01:41,101,14,9,MONBUS OBRADOIRO,M. Speight,3PT Missed,(MONBUS OBRADOIRO) M. SPEIGHT: TIRO DE 3 FALLADO,D. De Sousa Anjo Brito,D. Kravic,M. Speight,R. Andersson,S. Quintela Salvador,C. Hermanson,D. Duscak,D. Shelist,F. Nwaokorie,R. Lobaco Muñoz
1,01:30,90,14,10,ALIMERKA OVIEDO BALONCESTO,D. Shelist,FT Made,(ALIMERKA OVIEDO BALONCESTO) D. SHELIST: TIRO DE 1 ANOTADO (Puntos: 3),D. De Sousa Anjo Brito,D. Kravic,M. Speight,R. Andersson,S. Quintela Salvador,C. Hermanson,D. Duscak,D. Shelist,F. Nwaokorie,R. Lobaco Muñoz
1,01:30,90,14,11,ALIMERKA OVIEDO BALONCESTO,D. Shelist,FT Made,(ALIMERKA OVIEDO BALONCESTO) D. SHELIST: TIRO DE 1 ANOTADO (Puntos: 4),D. De Sousa Anjo Brito,D. Kravic,M. Speight,R. Andersson,S. Quintela Salvador,C. Hermanson,D. Duscak,D. Shelist,F. Nwaokorie,R. Lobaco Muñoz
1,01:30,90,14,11,ALIMERKA OVIEDO BALONCESTO,D. Shelist,Substitution Out,(ALIMERKA OVIEDO BALONCESTO) D. SHELIST: Sustitución (Sale de pista),D. De Sousa Anjo Brito,D. Kravic,M. Speight,R. Andersson,S. Quintela Salvador,C. Hermanson,D. Duscak,F. Nwaokorie,R. Lobaco Muñoz,
1,01:30,90,14,11,ALIMERKA OVIEDO BALONCESTO,R. Lobaco Muñoz,Substitution Out,(ALIMERKA OVIEDO BALONCESTO) R. LOBACO MUÑOZ: Sustitución (Sale de pista),D. De Sousa Anjo Brito,D. Kravic,M. Speight,R. Andersson,S. Quintela Salvador,C. Hermanson,D. Duscak,F. Nwaokorie,,
1,01:30,90,14,11,ALIMERKA OVIEDO BALONCESTO,D. Duscak,Substitution Out,(ALIMERKA OVIEDO BALONCESTO) D. DUSCAK: Sustitución (Sale de pista),D. De Sousa Anjo Brito,D. Kravic,M. Speight,R. Andersson,S. Quintela Salvador,C. Hermanson,F. Nwaokorie,,,
1,01:30,90,14,11,ALIMERKA OVIEDO BALONCESTO,R. Lobaco Muñoz,Substitution In,(ALIMERKA OVIEDO BALONCESTO) R. LOBACO MUÑOZ: Sustitución (Entra a pista),D. De Sousa Anjo Brito,D. Kravic,M. Speight,R. Andersson,S. Quintela Salvador,C. Hermanson,F. Nwaokorie,R. Lobaco Muñoz,,
1,01:30,90,14,11,ALIMERKA OVIEDO BALONCESTO,M. Townes Villar,Substitution In,(ALIMERKA OVIEDO BALONCESTO) M. TOWNES VILLAR: Sustitución (Entra a pista),D. De Sousa Anjo Brito,D. Kravic,M. Speight,R. Andersson,S. Quintela Salvador,C. Hermanson,F. Nwaokorie,M. Townes Villar,R. Lobaco Muñoz,
1,01:30,90,14,11,ALIMERKA OVIEDO BALONCESTO,P. Gonzalez Longarela,Substitution In,(ALIMERKA OVIEDO BALONCESTO) P. GONZALEZ LONGARELA: Sustitución (Entra a pista),D. De Sousa Anjo Brito,D. Kravic,M. Speight,R. Andersson,S. Quintela Salvador,C. Hermanson,F. Nwaokorie,M. Townes Villar,P. Gonzalez Longarela,R. Lobaco Muñoz
1,01:30,90,14,11,MONBUS OBRADOIRO,D. De Sousa Anjo Brito,Foul,(MONBUS OBRADOIRO) D. DE SOUSA ANJO BRITO: FALTA Personal (Faltas: 1. Faltas de equipo: 6). Tiros libres: 2,D. De Sousa Anjo Brito,D. Kravic,M. Speight,R. Andersson,S. Quintela Salvador,C. Hermanson,F. Nwaokorie,M. Townes Villar,P. Gonzalez Longarela,R. Lobaco Muñoz
1,01:21,81,15,11,MONBUS OBRADOIRO,S. Quintela Salvador,FT Made,(MONBUS OBRADOIRO) S. QUINTELA SALVADOR: TIRO DE 1 ANOTADO (Puntos: 1),D. De Sousa Anjo Brito,D. Kravic,M. Speight,R. Andersson,S. Quintela Salvador,C. Hermanson,F. Nwaokorie,M. Townes Villar,P. Gonzalez Longarela,R. Lobaco Muñoz
1,01:21,81,16,11,MONBUS OBRADOIRO,S. Quintela Salvador,FT Made,(MONBUS OBRADOIRO) S. QUINTELA SALVADOR: TIRO DE 1 ANOTADO (Puntos: 2),D. De Sousa Anjo Brito,D. Kravic,M. Speight,R. Andersson,S. Quintela Salvador,C. Hermanson,F. Nwaokorie,M. Townes Villar,P. Gonzalez Longarela,R. Lobaco Muñoz
1,01:21,81,16,11,ALIMERKA OVIEDO BALONCESTO,P. Gonzalez Longarela,Foul,(ALIMERKA OVIEDO BALONCESTO) P. GONZALEZ LONGARELA: FALTA Personal (Faltas: 1. Faltas de equipo: 5). Tiros libres: 2,D. De Sousa Anjo Brito,D. Kravic,M. Speight,R. Andersson,S. Quintela Salvador,C. Hermanson,F. Nwaokorie,M. Townes Villar,P. Gonzalez Longarela,R. Lobaco Muñoz
1,01:08,68,16,11,ALIMERKA OVIEDO BALONCESTO,R. Lobaco Muñoz,Rebound,(ALIMERKA OVIEDO BALONCESTO) R. LOBACO MUÑOZ: REBOTE (Rebotes: 3),D. De Sousa Anjo Brito,D. Kravic,M. Speight,R. Andersson,S. Quintela Salvador,C. Hermanson,F. Nwaokorie,M. Townes Villar,P. Gonzalez Longarela,R. Lobaco Muñoz
1,01:08,68,16,11,ALIMERKA OVIEDO BALONCESTO,C. Hermanson,3PT Missed,(ALIMERKA OVIEDO BALONCESTO) C. HERMANSON: TIRO DE 3 FALLADO,D. De Sousa Anjo Brito,D. Kravic,M. Speight,R. Andersson,S. Quintela Salvador,C. Hermanson,F. Nwaokorie,M. Townes Villar,P. Gonzalez Longarela,R. Lobaco Muñoz
1,00:55,55,16,11,MONBUS OBRADOIRO,D. Kravic,Rebound,(MONBUS OBRADOIRO) D. KRAVIC: REBOTE (Rebotes: 1),D. De Sousa Anjo Brito,D. Kravic,M. Speight,R. Andersson,S. Quintela Salvador,C. Hermanson,F. Nwaokorie,M. Townes Villar,P. Gonzalez Longarela,R. Lobaco Muñoz
1,00:55,55,16,11,ALIMERKA OVIEDO BALONCESTO,R. Lobaco Muñoz,2PT Missed,(ALIMERKA OVIEDO BALONCESTO) R. LOBACO MUÑOZ: TIRO DE 2 FALLADO,D. De Sousa Anjo Brito,D. Kravic,M. Speight,R. Andersson,S. Quintela Salvador,C. Hermanson,F. Nwaokorie,M. Townes Villar,P. Gonzalez Longarela,R. Lobaco Muñoz
1,00:46,46,16,11,ALIMERKA OVIEDO BALONCESTO,M. Townes Villar,Rebound,(ALIMERKA OVIEDO BALONCESTO) M. TOWNES VILLAR: REBOTE (Rebotes: 2),D. De Sousa Anjo Brito,D. Kravic,M. Speight,R. Andersson,S. Quintela Salvador,C. Hermanson,F. Nwaokorie,M. Townes Villar,P. Gonzalez Longarela,R. Lobaco Muñoz
1,00:46,46,16,11,MONBUS OBRADOIRO,D. De Sousa Anjo Brito,3PT Missed,(MONBUS OBRADOIRO) D. DE SOUSA ANJO BRITO: TIRO DE 3 FALLADO,D. De Sousa Anjo Brito,D. Kravic,M. Speight,R. Andersson,S. Quintela Salvador,C. Hermanson,F. Nwaokorie,M. Townes Villar,P. Gonzalez Longarela,R. Lobaco Muñoz
1,00:42,42,16,11,ALIMERKA OVIEDO BALONCESTO,C. Hermanson,Substitution Out,(ALIMERKA OVIEDO BALONCESTO) C. HERMANSON: Sustitución (Sale de pista),D. De Sousa Anjo Brito,D. Kravic,M. Speight,R. Andersson,S. Quintela Salvador,F. Nwaokorie,M. Townes Villar,P. Gonzalez Longarela,R. Lobaco Muñoz,
1,00:42,42,16,11,MONBUS OBRADOIRO,R. Andersson,Substitution Out,(MONBUS OBRADOIRO) R. ANDERSSON: Sustitución (Sale de pista),D. De Sousa Anjo Brito,D. Kravic,M. Speight,S. Quintela Salvador,,F. Nwaokorie,M. Townes Villar,P. Gonzalez Longarela,R. Lobaco Muñoz,
1,00:42,42,16,11,ALIMERKA OVIEDO BALONCESTO,D. Shelist,Substitution In,(ALIMERKA OVIEDO BALONCESTO) D. SHELIST: Sustitución (Entra a pista),D. De Sousa Anjo Brito,D. Kravic,M. Speight,S. Quintela Salvador,,D. Shelist,F. Nwaokorie,M. Townes Villar,P. Gonzalez Longarela,R. Lobaco Muñoz
1,00:42,42,16,11,MONBUS OBRADOIRO,T. Munnings,Substitution In,(MONBUS OBRADOIRO) T. MUNNINGS: Sustitución (Entra a pista),D. De Sousa Anjo Brito,D. Kravic,M. Speight,S. Quintela Salvador,T. Munnings,D. Shelist,F. Nwaokorie,M. Townes Villar,P. Gonzalez Longarela,R. Lobaco Muñoz
1,00:42,42,16,11,ALIMERKA OVIEDO BALONCESTO,M. Townes Villar,Turnover,(ALIMERKA OVIEDO BALONCESTO) M. TOWNES VILLAR: PÉRDIDA (Pérdidas: 1),D. De Sousa Anjo Brito,D. Kravic,M. Speight,S. Quintela Salvador,T. Munnings,D. Shelist,F. Nwaokorie,M. Townes Villar,P. Gonzalez Longarela,R. Lobaco Muñoz
1,00:42,42,16,11,ALIMERKA OVIEDO BALONCESTO,M. Townes Villar,Foul,(ALIMERKA OVIEDO BALONCESTO) M. TOWNES VILLAR: FALTA Ofensiva (Faltas: 1. Faltas de equipo: 6). Tiros libres: 0,D. De Sousa Anjo Brito,D. Kravic,M. Speight,S. Quintela Salvador,T. Munnings,D. Shelist,F. Nwaokorie,M. Townes Villar,P. Gonzalez Longarela,R. Lobaco Muñoz
1,00:18,18,19,11,MONBUS OBRADOIRO,M. Speight,3PT Made,(MONBUS OBRADOIRO) M. SPEIGHT: TIRO DE 3 ANOTADO (Puntos: 3),D. De Sousa Anjo Brito,D. Kravic,M. Speight,S. Quintela Salvador,T. Munnings,D. Shelist,F. Nwaokorie,M. Townes Villar,P. Gonzalez Longarela,R. Lobaco Muñoz
1,00:04,4,19,11,MONBUS OBRADOIRO,M. Speight,3PT Missed,(MONBUS OBRADOIRO) M. SPEIGHT: TIRO DE 3 FALLADO,D. De Sousa Anjo Brito,D. Kravic,M. Speight,S. Quintela Salvador,T. Munnings,D. Shelist,F. Nwaokorie,M. Townes Villar,P. Gonzalez Longarela,R. Lobaco Muñoz
1,00:04,4,19,11,MONBUS OBRADOIRO,T. Munnings,Rebound,(MONBUS OBRADOIRO) T. MUNNINGS: REBOTE (Rebotes: 1),D. De Sousa Anjo Brito,D. Kravic,M. Speight,S. Quintela Salvador,T. Munnings,D. Shelist,F. Nwaokorie,M. Townes Villar,P. Gonzalez Longarela,R. Lobaco Muñoz
1,00:04,4,19,11,ALIMERKA OVIEDO BALONCESTO,M. Townes Villar,2PT Missed,(ALIMERKA OVIEDO BALONCESTO) M. TOWNES VILLAR: TIRO DE 2 FALLADO,D. De Sousa Anjo Brito,D. Kravic,M. Speight,S. Quintela Salvador,T. Munnings,D. Shelist,F. Nwaokorie,M. Townes Villar,P. Gonzalez Longarela,R. Lobaco Muñoz
1,00:00,0,19,11,,,Period,Fin del Cuarto 1,D. De Sousa Anjo Brito,D. Kravic,M. Speight,S. Quintela Salvador,T. Munnings,D. Shelist,F. Nwaokorie,M. Townes Villar,P. Gonzalez Longarela,R. Lobaco Muñoz
2,10:00,600,19,11,ALIMERKA OVIEDO BALONCESTO,P. Gonzalez Longarela,Substitution Out,(ALIMERKA OVIEDO BALONCESTO) P. GONZALEZ LONGARELA: Sustitución (Sale de pista),D. De Sousa Anjo Brito,D. Kravic,M. Speight,S. Quintela Salvador,T. Munnings,D. Shelist,F. Nwaokorie,M. Townes Villar,R. Lobaco Muñoz,
2,10:00,600,19,11,ALIMERKA OVIEDO BALONCESTO,G. Parham Ii,Substitution In,(ALIMERKA OVIEDO BALONCESTO) G. PARHAM II: Sustitución (Entra a pista),D. De Sousa Anjo Brito,D. Kravic,M. Speight,S. Quintela Salvador,T. Munnings,D. Shelist,F. Nwaokorie,G. Parham Ii,M. Townes Villar,R. Lobaco Muñoz
2,10:00,600,19,11,,,Period,Comienzo del Cuarto 2,D. De Sousa Anjo Brito,D. Kravic,M. Speight,S. Quintela Salvador,T. Munnings,D. Shelist,F. Nwaokorie,G. Parham Ii,M. Townes Villar,R. Lobaco Muñoz
2,09:37,577,19,12,ALIMERKA OVIEDO BALONCESTO,R. Lobaco Muñoz,FT Made,(ALIMERKA OVIEDO BALONCESTO) R. LOBACO MUÑOZ: TIRO DE 1 ANOTADO (Puntos: 1),D. De Sousa Anjo Brito,D. Kravic,M. Speight,S. Quintela Salvador,T. Munnings,D. Shelist,F. Nwaokorie,G. Parham Ii,M. Townes Villar,R. Lobaco Muñoz
2,09:37,577,19,12,ALIMERKA OVIEDO BALONCESTO,D. Shelist,Assist,(ALIMERKA OVIEDO BALONCESTO) D. SHELIST: ASISTENCIA (Asistencias: 1),D. De Sousa Anjo Brito,D. Kravic,M. Speight,S. Quintela Salvador,T. Munnings,D. Shelist,F. Nwaokorie,G. Parham Ii,M. Townes Villar,R. Lobaco Muñoz
2,09:37,577,19,12,ALIMERKA OVIEDO BALONCESTO,R. Lobaco Muñoz,FT Missed,(ALIMERKA OVIEDO BALONCESTO) R. LOBACO MUÑOZ: TIRO DE 1 FALLADO,D. De Sousa Anjo Brito,D. Kravic,M. Speight,S. Quintela Salvador,T. Munnings,D. Shelist,F. Nwaokorie,G. Parham Ii,M. Townes Villar,R. Lobaco Muñoz
2,09:37,577,19,12,MONBUS OBRADOIRO,T. Munnings,Foul,(MONBUS OBRADOIRO) T. MUNNINGS: FALTA Personal (Faltas: 1. Faltas de equipo: 7). Tiros libres: 2,D. De Sousa Anjo Brito,D. Kravic,M. Speight,S. Quintela Salvador,T. Munnings,D. Shelist,F. Nwaokorie,G. Parham Ii,M. Townes Villar,R. Lobaco Muñoz
2,09:20,560,19,12,MONBUS OBRADOIRO,S. Quintela Salvador,Turnover,(MONBUS OBRADOIRO) S. QUINTELA SALVADOR: PÉRDIDA (Pérdidas: 2),D. De Sousa Anjo Brito,D. Kravic,M. Speight,S. Quintela Salvador,T. Munnings,D. Shelist,F. Nwaokorie,G. Parham Ii,M. Townes Villar,R. Lobaco Muñoz
2,09:04,544,19,14,ALIMERKA OVIEDO BALONCESTO,F. Nwaokorie,2PT Made,(ALIMERKA OVIEDO BALONCESTO) F. NWAOKORIE: TIRO DE 2 ANOTADO (Puntos: 4),D. De Sousa Anjo Brito,D. Kravic,M. Speight,S. Quintela Salvador,T. Munnings,D. Shelist,F. Nwaokorie,G. Parham Ii,M. Townes Villar,R. Lobaco Muñoz
2,08:57,537,19,14,ALIMERKA OVIEDO BALONCESTO,G. Parham Ii,Steal,(ALIMERKA OVIEDO BALONCESTO) G. PARHAM II: ROBO (Robos: 1),D. De Sousa Anjo Brito,D. Kravic,M. Speight,S. Quintela Salvador,T. Munnings,D. Shelist,F. Nwaokorie,G. Parham Ii,M. Townes Villar,R. Lobaco Muñoz
2,08:57,537,19,14,MONBUS OBRADOIRO,T. Munnings,Turnover,(MONBUS OBRADOIRO) T. MUNNINGS: PÉRDIDA (Pérdidas: 1),D. De Sousa Anjo Brito,D. Kravic,M. Speight,S. Quintela Salvador,T. Munnings,D. Shelist,F. Nwaokorie,G. Parham Ii,M. Townes Villar,R. Lobaco Muñoz
2,08:54,534,19,14,MONBUS OBRADOIRO,S. Quintela Salvador,Foul,(MONBUS OBRADOIRO) S. QUINTELA SALVADOR: FALTA Personal (Faltas: 1. Faltas de equipo: 8). Tiros libres: 0,D. De Sousa Anjo Brito,D. Kravic,M. Speight,S. Quintela Salvador,T. Munnings,D. Shelist,F. Nwaokorie,G. Parham Ii,M. Townes Villar,R. Lobaco Muñoz
2,08:39,519,19,14,MONBUS OBRADOIRO,M. Speight,Rebound,(MONBUS OBRADOIRO) M. SPEIGHT: REBOTE (Rebotes: 1),D. De Sousa Anjo Brito,D. Kravic,M. Speight,S. Quintela Salvador,T. Munnings,D. Shelist,F. Nwaokorie,G. Parham Ii,M. Townes Villar,R. Lobaco Muñoz
2,08:39,519,19,14,ALIMERKA OVIEDO BALONCESTO,R. Lobaco Muñoz,3PT Missed,(ALIMERKA OVIEDO BALONCESTO) R. LOBACO MUÑOZ: TIRO DE 3 FALLADO,D. De Sousa Anjo Brito,D. Kravic,M. Speight,S. Quintela Salvador,T. Munnings,D. Shelist,F. Nwaokorie,G. Parham Ii,M. Townes Villar,R. Lobaco Muñoz
2,08:32,512,22,14,MONBUS OBRADOIRO,D. De Sousa Anjo Brito,3PT Made,(MONBUS OBRADOIRO) D. DE SOUSA ANJO BRITO: TIRO DE 3 ANOTADO (Puntos: 5),D. De Sousa Anjo Brito,D. Kravic,M. Speight,S. Quintela Salvador,T. Munnings,D. Shelist,F. Nwaokorie,G. Parham Ii,M. Townes Villar,R. Lobaco Muñoz
2,08:32,512,22,14,MONBUS OBRADOIRO,M. Speight,Assist,(MONBUS OBRADOIRO) M. SPEIGHT: ASISTENCIA (Asistencias: 1),D. De Sousa Anjo Brito,D. Kravic,M. Speight,S. Quintela Salvador,T. Munnings,D. Shelist,F. Nwaokorie,G. Parham Ii,M. Townes Villar,R. Lobaco Muñoz
2,08:23,503,22,14,MONBUS OBRADOIRO,T. Munnings,Substitution Out,(MONBUS OBRADOIRO) T. MUNNINGS: Sustitución (Sale de pista),D. De Sousa Anjo Brito,D. Kravic,M. Speight,S. Quintela Salvador,,D. Shelist,F. Nwaokorie,G. Parham Ii,M. Townes Villar,R. Lobaco Muñoz
2,08:23,503,22,14,ALIMERKA OVIEDO BALONCESTO,D. Shelist,Substitution Out,(ALIMERKA OVIEDO BALONCESTO) D. SHELIST: Sustitución (Sale de pista),D. De Sousa Anjo Brito,D. Kravic,M. Speight,S. Quintela Salvador,,F. Nwaokorie,G. Parham Ii,M. Townes Villar,R. Lobaco Muñoz,
2,08:23,503,22,14,ALIMERKA OVIEDO BALONCESTO,F. Nwaokorie,Substitution Out,(ALIMERKA OVIEDO BALONCESTO) F. NWAOKORIE: Sustitución (Sale de pista),D. De Sousa Anjo Brito,D. Kravic,M. Speight,S. Quintela Salvador,,G. Parham Ii,M. Townes Villar,R. Lobaco Muñoz,,
2,08:23,503,22,14,MONBUS OBRADOIRO,A. Galan Pozo ,Substitution In,(MONBUS OBRADOIRO) A. GALAN POZO : Sustitución (Entra a pista),A. Galan Pozo ,D. De Sousa Anjo Brito,D. Kravic,M. Speight,S. Quintela Salvador,G. Parham Ii,M. Townes Villar,R. Lobaco Muñoz,,
2,08:23,503,22,14,ALIMERKA OVIEDO BALONCESTO,A. Faure Ribes,Substitution In,(ALIMERKA OVIEDO BALONCESTO) A. FAURE RIBES: Sustitución (Entra a pista),A. Galan Pozo ,D. De Sousa Anjo Brito,D. Kravic,M. Speight,S. Quintela Salvador,A. Faure Ribes,G. Parham Ii,M. Townes Villar,R. Lobaco Muñoz,
2,08:23,503,22,14,ALIMERKA OVIEDO BALONCESTO,C. Hermanson,Substitution In,(ALIMERKA OVIEDO BALONCESTO) C. HERMANSON: Sustitución (Entra a pista),A. Galan Pozo ,D. De Sousa Anjo Brito,D. Kravic,M. Speight,S. Quintela Salvador,A. Faure Ribes,C. Hermanson,G. Parham Ii,M. Townes Villar,R. Lobaco Muñoz
2,08:16,496,22,14,ALIMERKA OVIEDO BALONCESTO,Rebote (Rebotes,Rebound,(ALIMERKA OVIEDO BALONCESTO) REBOTE (Rebotes: 10),A. Galan Pozo ,D. De Sousa Anjo Brito,D. Kravic,M. Speight,S. Quintela Salvador,A. Faure Ribes,C. Hermanson,G. Parham Ii,M. Townes Villar,R. Lobaco Muñoz
2,08:16,496,22,14,ALIMERKA OVIEDO BALONCESTO,M. Townes Villar,3PT Missed,(ALIMERKA OVIEDO BALONCESTO) M. TOWNES VILLAR: TIRO DE 3 FALLADO,A. Galan Pozo ,D. De Sousa Anjo Brito,D. Kravic,M. Speight,S. Quintela Salvador,A. Faure Ribes,C. Hermanson,G. Parham Ii,M. Townes Villar,R. Lobaco Muñoz
2,08:14,494,22,14,MONBUS OBRADOIRO,D. De Sousa Anjo Brito,Substitution Out,(MONBUS OBRADOIRO) D. DE SOUSA ANJO BRITO: Sustitución (Sale de pista),A. Galan Pozo ,D. Kravic,M. Speight,S. Quintela Salvador,,A. Faure Ribes,C. Hermanson,G. Parham Ii,M. Townes Villar,R. Lobaco Muñoz
2,08:14,494,22,14,MONBUS OBRADOIRO,L. Westermann,Substitution In,(MONBUS OBRADOIRO) L. WESTERMANN: Sustitución (Entra a pista),A. Galan Pozo ,D. Kravic,L. Westermann,M. Speight,S. Quintela Salvador,A. Faure Ribes,C. Hermanson,G. Parham Ii,M. Townes Villar,R. Lobaco Muñoz
2,08:14,494,22,14,MONBUS OBRADOIRO,D. De Sousa Anjo Brito,Foul,(MONBUS OBRADOIRO) D. DE SOUSA ANJO BRITO: FALTA Personal (Faltas: 2. Faltas de equipo: 9). Tiros libres: 0,A. Galan Pozo ,D. Kravic,L. Westermann,M. Speight,S. Quintela Salvador,A. Faure Ribes,C. Hermanson,G. Parham Ii,M. Townes Villar,R. Lobaco Muñoz
2,08:08,488,22,14,MONBUS OBRADOIRO,M. Speight,Rebound,(MONBUS OBRADOIRO) M. SPEIGHT: REBOTE (Rebotes: 2),A. Galan Pozo ,D. Kravic,L. Westermann,M. Speight,S. Quintela Salvador,A. Faure Ribes,C. Hermanson,G. Parham Ii,M. Townes Villar,R. Lobaco Muñoz
2,08:08,488,22,14,ALIMERKA OVIEDO BALONCESTO,R. Lobaco Muñoz,3PT Missed,(ALIMERKA OVIEDO BALONCESTO) R. LOBACO MUÑOZ: TIRO DE 3 FALLADO,A. Galan Pozo ,D. Kravic,L. Westermann,M. Speight,S. Quintela Salvador,A. Faure Ribes,C. Hermanson,G. Parham Ii,M. Townes Villar,R. Lobaco Muñoz
2,08:03,483,22,14,MONBUS OBRADOIRO,M. Speight,Turnover,(MONBUS OBRADOIRO) M. SPEIGHT: PÉRDIDA (Pérdidas: 1),A. Galan Pozo ,D. Kravic,L. Westermann,M. Speight,S. Quintela Salvador,A. Faure Ribes,C. Hermanson,G. Parham Ii,M. Townes Villar,R. Lobaco Muñoz
2,07:49,469,22,14,MONBUS OBRADOIRO,Rebote (Rebotes,Rebound,(MONBUS OBRADOIRO) REBOTE (Rebotes: 10),A. Galan Pozo ,D. Kravic,L. Westermann,M. Speight,S. Quintela Salvador,A. Faure Ribes,C. Hermanson,G. Parham Ii,M. Townes Villar,R. Lobaco Muñoz
2,07:49,469,22,14,ALIMERKA OVIEDO BALONCESTO,G. Parham Ii,3PT Missed,(ALIMERKA OVIEDO BALONCESTO) G. PARHAM II: TIRO DE 3 FALLADO,A. Galan Pozo ,D. Kravic,L. Westermann,M. Speight,S. Quintela Salvador,A. Faure Ribes,C. Hermanson,G. Parham Ii,M. Townes Villar,R. Lobaco Muñoz
2,07:46,466,22,14,ALIMERKA OVIEDO BALONCESTO,R. Lobaco Muñoz,Substitution Out,(ALIMERKA OVIEDO BALONCESTO) R. LOBACO MUÑOZ: Sustitución (Sale de pista),A. Galan Pozo ,D. Kravic,L. Westermann,M. Speight,S. Quintela Salvador,A. Faure Ribes,C. Hermanson,G. Parham Ii,M. Townes Villar,
2,07:46,466,22,14,MONBUS OBRADOIRO,D. Kravic,Substitution Out,(MONBUS OBRADOIRO) D. KRAVIC: Sustitución (Sale de pista),A. Galan Pozo ,L. Westermann,M. Speight,S. Quintela Salvador,,A. Faure Ribes,C. Hermanson,G. Parham Ii,M. Townes Villar,
2,07:46,466,22,14,ALIMERKA OVIEDO BALONCESTO,F. Copes,Substitution In,(ALIMERKA OVIEDO BALONCESTO) F. COPES: Sustitución (Entra a pista),A. Galan Pozo ,L. Westermann,M. Speight,S. Quintela Salvador,,A. Faure Ribes,C. Hermanson,F. Copes,G. Parham Ii,M. Townes Villar
2,07:46,466,22,14,MONBUS OBRADOIRO,F. Dos Anjos De Paula,Substitution In,(MONBUS OBRADOIRO) F. DOS ANJOS DE PAULA: Sustitución (Entra a pista),A. Galan Pozo ,F. Dos Anjos De Paula,L. Westermann,M. Speight,S. Quintela Salvador,A. Faure Ribes,C. Hermanson,F. Copes,G. Parham Ii,M. Townes Villar
2,07:31,451,22,14,ALIMERKA OVIEDO BALONCESTO,M. Townes Villar,Steal,(ALIMERKA OVIEDO BALONCESTO) M. TOWNES VILLAR: ROBO (Robos: 1),A. Galan Pozo ,F. Dos Anjos De Paula,L. Westermann,M. Speight,S. Quintela Salvador,A. Faure Ribes,C. Hermanson,F. Copes,G. Parham Ii,M. Townes Villar
2,07:31,451,22,14,MONBUS OBRADOIRO,L. Westermann,Turnover,(MONBUS OBRADOIRO) L. WESTERMANN: PÉRDIDA (Pérdidas: 1),A. Galan Pozo ,F. Dos Anjos De Paula,L. Westermann,M. Speight,S. Quintela Salvador,A. Faure Ribes,C. Hermanson,F. Copes,G. Parham Ii,M. Townes Villar
2,07:26,446,22,14,ALIMERKA OVIEDO BALONCESTO,A. Faure Ribes,Rebound,(ALIMERKA OVIEDO BALONCESTO) A. FAURE RIBES: REBOTE (Rebotes: 1),A. Galan Pozo ,F. Dos Anjos De Paula,L. Westermann,M. Speight,S. Quintela Salvador,A. Faure Ribes,C. Hermanson,F. Copes,G. Parham Ii,M. Townes Villar
2,07:26,446,22,14,ALIMERKA OVIEDO BALONCESTO,F. Copes,3PT Missed,(ALIMERKA OVIEDO BALONCESTO) F. COPES: TIRO DE 3 FALLADO,A. Galan Pozo ,F. Dos Anjos De Paula,L. Westermann,M. Speight,S. Quintela Salvador,A. Faure Ribes,C. Hermanson,F. Copes,G. Parham Ii,M. Townes Villar
2,07:19,439,24,14,MONBUS OBRADOIRO,A. Galan Pozo ,2PT Made,(MONBUS OBRADOIRO) A. GALAN POZO : MATE ANOTADO (Puntos: 4),A. Galan Pozo ,F. Dos Anjos De Paula,L. Westermann,M. Speight,S. Quintela Salvador,A. Faure Ribes,C. Hermanson,F. Copes,G. Parham Ii,M. Townes Villar
2,07:19,439,24,14,MONBUS OBRADOIRO,S. Quintela Salvador,Assist,(MONBUS OBRADOIRO) S. QUINTELA SALVADOR: ASISTENCIA (Asistencias: 1),A. Galan Pozo ,F. Dos Anjos De Paula,L. Westermann,M. Speight,S. Quintela Salvador,A. Faure Ribes,C. Hermanson,F. Copes,G. Parham Ii,M. Townes Villar
2,07:19,439,24,14,MONBUS OBRADOIRO,S. Quintela Salvador,Steal,(MONBUS OBRADOIRO) S. QUINTELA SALVADOR: ROBO (Robos: 1),A. Galan Pozo ,F. Dos Anjos De Paula,L. Westermann,M. Speight,S. Quintela Salvador,A. Faure Ribes,C. Hermanson,F. Copes,G. Parham Ii,M. Townes Villar
2,07:19,439,24,14,ALIMERKA OVIEDO BALONCESTO,A. Faure Ribes,Turnover,(ALIMERKA OVIEDO BALONCESTO) A. FAURE RIBES: PÉRDIDA (Pérdidas: 2),A. Galan Pozo ,F. Dos Anjos De Paula,L. Westermann,M. Speight,S. Quintela Salvador,A. Faure Ribes,C. Hermanson,F. Copes,G. Parham Ii,M. Townes Villar
2,07:17,437,24,14,ALIMERKA OVIEDO BALONCESTO,,Timeout,(ALIMERKA OVIEDO BALONCESTO) Tiempo muerto,A. Galan Pozo ,F. Dos Anjos De Paula,L. Westermann,M. Speight,S. Quintela Salvador,A. Faure Ribes,C. Hermanson,F. Copes,G. Parham Ii,M. Townes Villar
2,07:06,426,24,17,ALIMERKA OVIEDO BALONCESTO,M. Townes Villar,3PT Made,(ALIMERKA OVIEDO BALONCESTO) M. TOWNES VILLAR: TIRO DE 3 ANOTADO (Puntos: 6),A. Galan Pozo ,F. Dos Anjos De Paula,L. Westermann,M. Speight,S. Quintela Salvador,A. Faure Ribes,C. Hermanson,F. Copes,G. Parham Ii,M. Townes Villar
2,06:43,403,24,17,ALIMERKA OVIEDO BALONCESTO,A. Faure Ribes,Rebound,(ALIMERKA OVIEDO BALONCESTO) A. FAURE RIBES: REBOTE (Rebotes: 2),A. Galan Pozo ,F. Dos Anjos De Paula,L. Westermann,M. Speight,S. Quintela Salvador,A. Faure Ribes,C. Hermanson,F. Copes,G. Parham Ii,M. Townes Villar
2,06:43,403,24,17,MONBUS OBRADOIRO,L. Westermann,2PT Missed,(MONBUS OBRADOIRO) L. WESTERMANN: TIRO DE 2 FALLADO,A. Galan Pozo ,F. Dos Anjos De Paula,L. Westermann,M. Speight,S. Quintela Salvador,A. Faure Ribes,C. Hermanson,F. Copes,G. Parham Ii,M. Townes Villar
2,06:32,392,24,18,ALIMERKA OVIEDO BALONCESTO,G. Parham Ii,FT Made,(ALIMERKA OVIEDO BALONCESTO) G. PARHAM II: TIRO DE 1 ANOTADO (Puntos: 1),A. Galan Pozo ,F. Dos Anjos De Paula,L. Westermann,M. Speight,S. Quintela Salvador,A. Faure Ribes,C. Hermanson,F. Copes,G. Parham Ii,M. Townes Villar
2,06:32,392,24,19,ALIMERKA OVIEDO BALONCESTO,G. Parham Ii,FT Made,(ALIMERKA OVIEDO BALONCESTO) G. PARHAM II: TIRO DE 1 ANOTADO (Puntos: 2),A. Galan Pozo ,F. Dos Anjos De Paula,L. Westermann,M. Speight,S. Quintela Salvador,A. Faure Ribes,C. Hermanson,F. Copes,G. Parham Ii,M. Townes Villar
2,06:32,392,24,19,MONBUS OBRADOIRO,M. Speight,Substitution Out,(MONBUS OBRADOIRO) M. SPEIGHT: Sustitución (Sale de pista),A. Galan Pozo ,F. Dos Anjos De Paula,L. Westermann,S. Quintela Salvador,,A. Faure Ribes,C. Hermanson,F. Copes,G. Parham Ii,M. Townes Villar
2,06:32,392,24,19,MONBUS OBRADOIRO,A. Barcello,Substitution In,(MONBUS OBRADOIRO) A. BARCELLO: Sustitución (Entra a pista),A. Barcello,A. Galan Pozo ,F. Dos Anjos De Paula,L. Westermann,S. Quintela Salvador,A. Faure Ribes,C. Hermanson,F. Copes,G. Parham Ii,M. Townes Villar
2,06:32,392,24,19,MONBUS OBRADOIRO,F. Dos Anjos De Paula,Foul,(MONBUS OBRADOIRO) F. DOS ANJOS DE PAULA: FALTA Personal (Faltas: 1. Faltas de equipo: 10). Tiros libres: 2,A. Barcello,A. Galan Pozo ,F. Dos Anjos De Paula,L. Westermann,S. Quintela Salvador,A. Faure Ribes,C. Hermanson,F. Copes,G. Parham Ii,M. Townes Villar
2,06:28,388,24,19,ALIMERKA OVIEDO BALONCESTO,F. Copes,Foul,(ALIMERKA OVIEDO BALONCESTO) F. COPES: FALTA Personal (Faltas: 1. Faltas de equipo: 7). Tiros libres: 0,A. Barcello,A. Galan Pozo ,F. Dos Anjos De Paula,L. Westermann,S. Quintela Salvador,A. Faure Ribes,C. Hermanson,F. Copes,G. Parham Ii,M. Townes Villar
2,06:15,375,25,19,MONBUS OBRADOIRO,A. Galan Pozo ,FT Made,(MONBUS OBRADOIRO) A. GALAN POZO : TIRO DE 1 ANOTADO (Puntos: 5),A. Barcello,A. Galan Pozo ,F. Dos Anjos De Paula,L. Westermann,S. Quintela Salvador,A. Faure Ribes,C. Hermanson,F. Copes,G. Parham Ii,M. Townes Villar
2,06:15,375,26,19,MONBUS OBRADOIRO,A. Galan Pozo ,FT Made,(MONBUS OBRADOIRO) A. GALAN POZO : TIRO DE 1 ANOTADO (Puntos: 6),A. Barcello,A. Galan Pozo ,F. Dos Anjos De Paula,L. Westermann,S. Quintela Salvador,A. Faure Ribes,C. Hermanson,F. Copes,G. Parham Ii,M. Townes Villar
2,06:15,375,26,19,ALIMERKA OVIEDO BALONCESTO,F. Copes,Substitution Out,(ALIMERKA OVIEDO BALONCESTO) F. COPES: Sustitución (Sale de pista),A. Barcello,A. Galan Pozo ,F. Dos Anjos De Paula,L. Westermann,S. Quintela Salvador,A. Faure Ribes,C. Hermanson,G. Parham Ii,M. Townes Villar,
2,06:15,375,26,19,ALIMERKA OVIEDO BALONCESTO,R. Lobaco Muñoz,Substitution In,(ALIMERKA OVIEDO BALONCESTO) R. LOBACO MUÑOZ: Sustitución (Entra a pista),A. Barcello,A. Galan Pozo ,F. Dos Anjos De Paula,L. Westermann,S. Quintela Salvador,A. Faure Ribes,C. Hermanson,G. Parham Ii,M. Townes Villar,R. Lobaco Muñoz
2,06:15,375,26,19,ALIMERKA OVIEDO BALONCESTO,F. Copes,Foul,(ALIMERKA OVIEDO BALONCESTO) F. COPES: FALTA Personal (Faltas: 2. Faltas de equipo: 8). Tiros libres: 2,A. Barcello,A. Galan Pozo ,F. Dos Anjos De Paula,L. Westermann,S. Quintela Salvador,A. Faure Ribes,C. Hermanson,G. Parham Ii,M. Townes Villar,R. Lobaco Muñoz
2,05:58,358,26,19,MONBUS OBRADOIRO,A. Barcello,Steal,(MONBUS OBRADOIRO) A. BARCELLO: ROBO (Robos: 2),A. Barcello,A. Galan Pozo ,F. Dos Anjos De Paula,L. Westermann,S. Quintela Salvador,A. Faure Ribes,C. Hermanson,G. Parham Ii,M. Townes Villar,R. Lobaco Muñoz
2,05:58,358,26,19,ALIMERKA OVIEDO BALONCESTO,C. Hermanson,Turnover,(ALIMERKA OVIEDO BALONCESTO) C. HERMANSON: PÉRDIDA (Pérdidas: 2),A. Barcello,A. Galan Pozo ,F. Dos Anjos De Paula,L. Westermann,S. Quintela Salvador,A. Faure Ribes,C. Hermanson,G. Parham Ii,M. Townes Villar,R. Lobaco Muñoz
2,05:53,353,28,19,MONBUS OBRADOIRO,A. Barcello,2PT Made,(MONBUS OBRADOIRO) A. BARCELLO: TIRO DE 2 ANOTADO (Puntos: 4),A. Barcello,A. Galan Pozo ,F. Dos Anjos De Paula,L. Westermann,S. Quintela Salvador,A. Faure Ribes,C. Hermanson,G. Parham Ii,M. Townes Villar,R. Lobaco Muñoz
2,05:47,347,28,21,ALIMERKA OVIEDO BALONCESTO,G. Parham Ii,2PT Made,(ALIMERKA OVIEDO BALONCESTO) G. PARHAM II: TIRO DE 2 ANOTADO (Puntos: 4),A. Barcello,A. Galan Pozo ,F. Dos Anjos De Paula,L. Westermann,S. Quintela Salvador,A. Faure Ribes,C. Hermanson,G. Parham Ii,M. Townes Villar,R. Lobaco Muñoz
2,05:28,328,30,21,MONBUS OBRADOIRO,L. Westermann,2PT Made,(MONBUS OBRADOIRO) L. WESTERMANN: TIRO DE 2 ANOTADO (Puntos: 4),A. Barcello,A. Galan Pozo ,F. Dos Anjos De Paula,L. Westermann,S. Quintela Salvador,A. Faure Ribes,C. Hermanson,G. Parham Ii,M. Townes Villar,R. Lobaco Muñoz
2,05:19,319,30,21,MONBUS OBRADOIRO,F. Dos Anjos De Paula,Steal,(MONBUS OBRADOIRO) F. DOS ANJOS DE PAULA: ROBO (Robos: 1),A. Barcello,A. Galan Pozo ,F. Dos Anjos De Paula,L. Westermann,S. Quintela Salvador,A. Faure Ribes,C. Hermanson,G. Parham Ii,M. Townes Villar,R. Lobaco Muñoz
2,05:19,319,30,21,ALIMERKA OVIEDO BALONCESTO,C. Hermanson,Turnover,(ALIMERKA OVIEDO BALONCESTO) C. HERMANSON: PÉRDIDA (Pérdidas: 3),A. Barcello,A. Galan Pozo ,F. Dos Anjos De Paula,L. Westermann,S. Quintela Salvador,A. Faure Ribes,C. Hermanson,G. Parham Ii,M. Townes Villar,R. Lobaco Muñoz
2,05:14,314,30,21,MONBUS OBRADOIRO,S. Quintela Salvador,Substitution Out,(MONBUS OBRADOIRO) S. QUINTELA SALVADOR: Sustitución (Sale de pista),A. Barcello,A. Galan Pozo ,F. Dos Anjos De Paula,L. Westermann,,A. Faure Ribes,C. Hermanson,G. Parham Ii,M. Townes Villar,R. Lobaco Muñoz
2,05:14,314,30,21,ALIMERKA OVIEDO BALONCESTO,M. Townes Villar,Substitution Out,(ALIMERKA OVIEDO BALONCESTO) M. TOWNES VILLAR: Sustitución (Sale de pista),A. Barcello,A. Galan Pozo ,F. Dos Anjos De Paula,L. Westermann,,A. Faure Ribes,C. Hermanson,G. Parham Ii,R. Lobaco Muñoz,
2,05:14,314,30,21,ALIMERKA OVIEDO BALONCESTO,C. Hermanson,Substitution Out,(ALIMERKA OVIEDO BALONCESTO) C. HERMANSON: Sustitución (Sale de pista),A. Barcello,A. Galan Pozo ,F. Dos Anjos De Paula,L. Westermann,,A. Faure Ribes,G. Parham Ii,R. Lobaco Muñoz,,
2,05:14,314,30,21,ALIMERKA OVIEDO BALONCESTO,D. Duscak,Substitution In,(ALIMERKA OVIEDO BALONCESTO) D. DUSCAK: Sustitución (Entra a pista),A. Barcello,A. Galan Pozo ,F. Dos Anjos De Paula,L. Westermann,,A. Faure Ribes,D. Duscak,G. Parham Ii,R. Lobaco Muñoz,
2,05:14,314,30,21,ALIMERKA OVIEDO BALONCESTO,J. Arias Gonzalez,Substitution In,(ALIMERKA OVIEDO BALONCESTO) J. ARIAS GONZALEZ: Sustitución (Entra a pista),A. Barcello,A. Galan Pozo ,F. Dos Anjos De Paula,L. Westermann,,A. Faure Ribes,D. Duscak,G. Parham Ii,J. Arias Gonzalez,R. Lobaco Muñoz
2,05:14,314,30,21,MONBUS OBRADOIRO,Y. Barrueta,Substitution In,(MONBUS OBRADOIRO) Y. BARRUETA: Sustitución (Entra a pista),A. Barcello,A. Galan Pozo ,F. Dos Anjos De Paula,L. Westermann,Y. Barrueta,A. Faure Ribes,D. Duscak,G. Parham Ii,J. Arias Gonzalez,R. Lobaco Muñoz
2,05:14,314,30,21,ALIMERKA OVIEDO BALONCESTO,,Timeout,(ALIMERKA OVIEDO BALONCESTO) Tiempo muerto,A. Barcello,A. Galan Pozo ,F. Dos Anjos De Paula,L. Westermann,Y. Barrueta,A. Faure Ribes,D. Duscak,G. Parham Ii,J. Arias Gonzalez,R. Lobaco Muñoz
2,05:10,310,32,21,MONBUS OBRADOIRO,A. Galan Pozo ,2PT Made,(MONBUS OBRADOIRO) A. GALAN POZO : MATE ANOTADO (Puntos: 8),A. Barcello,A. Galan Pozo ,F. Dos Anjos De Paula,L. Westermann,Y. Barrueta,A. Faure Ribes,D. Duscak,G. Parham Ii,J. Arias Gonzalez,R. Lobaco Muñoz
2,05:10,310,32,21,MONBUS OBRADOIRO,A. Barcello,Assist,(MONBUS OBRADOIRO) A. BARCELLO: ASISTENCIA (Asistencias: 2),A. Barcello,A. Galan Pozo ,F. Dos Anjos De Paula,L. Westermann,Y. Barrueta,A. Faure Ribes,D. Duscak,G. Parham Ii,J. Arias Gonzalez,R. Lobaco Muñoz
2,05:01,301,35,21,MONBUS OBRADOIRO,L. Westermann,3PT Made,(MONBUS OBRADOIRO) L. WESTERMANN: TIRO DE 3 ANOTADO (Puntos: 7),A. Barcello,A. Galan Pozo ,F. Dos Anjos De Paula,L. Westermann,Y. Barrueta,A. Faure Ribes,D. Duscak,G. Parham Ii,J. Arias Gonzalez,R. Lobaco Muñoz
2,05:01,301,35,21,ALIMERKA OVIEDO BALONCESTO,J. Arias Gonzalez,Substitution Out,(ALIMERKA OVIEDO BALONCESTO) J. ARIAS GONZALEZ: Sustitución (Sale de pista),A. Barcello,A. Galan Pozo ,F. Dos Anjos De Paula,L. Westermann,Y. Barrueta,A. Faure Ribes,D. Duscak,G. Parham Ii,R. Lobaco Muñoz,
2,05:01,301,35,21,ALIMERKA OVIEDO BALONCESTO,P. Gonzalez Longarela,Substitution In,(ALIMERKA OVIEDO BALONCESTO) P. GONZALEZ LONGARELA: Sustitución (Entra a pista),A. Barcello,A. Galan Pozo ,F. Dos Anjos De Paula,L. Westermann,Y. Barrueta,A. Faure Ribes,D. Duscak,G. Parham Ii,P. Gonzalez Longarela,R. Lobaco Muñoz
2,05:01,301,35,21,ALIMERKA OVIEDO BALONCESTO,G. Parham Ii,Rebound,(ALIMERKA OVIEDO BALONCESTO) G. PARHAM II: REBOTE (Rebotes: 1),A. Barcello,A. Galan Pozo ,F. Dos Anjos De Paula,L. Westermann,Y. Barrueta,A. Faure Ribes,D. Duscak,G. Parham Ii,P. Gonzalez Longarela,R. Lobaco Muñoz
2,05:01,301,35,21,ALIMERKA OVIEDO BALONCESTO,R. Lobaco Muñoz,3PT Missed,(ALIMERKA OVIEDO BALONCESTO) R. LOBACO MUÑOZ: TIRO DE 3 FALLADO,A. Barcello,A. Galan Pozo ,F. Dos Anjos De Paula,L. Westermann,Y. Barrueta,A. Faure Ribes,D. Duscak,G. Parham Ii,P. Gonzalez Longarela,R. Lobaco Muñoz
2,05:01,301,35,21,MONBUS OBRADOIRO,Y. Barrueta,Rebound,(MONBUS OBRADOIRO) Y. BARRUETA: REBOTE (Rebotes: 1),A. Barcello,A. Galan Pozo ,F. Dos Anjos De Paula,L. Westermann,Y. Barrueta,A. Faure Ribes,D. Duscak,G. Parham Ii,P. Gonzalez Longarela,R. Lobaco Muñoz
2,05:01,301,35,21,ALIMERKA OVIEDO BALONCESTO,G. Parham Ii,3PT Missed,(ALIMERKA OVIEDO BALONCESTO) G. PARHAM II: TIRO DE 3 FALLADO,A. Barcello,A. Galan Pozo ,F. Dos Anjos De Paula,L. Westermann,Y. Barrueta,A. Faure Ribes,D. Duscak,G. Parham Ii,P. Gonzalez Longarela,R. Lobaco Muñoz
2,04:52,292,35,21,MONBUS OBRADOIRO,F. Dos Anjos De Paula,Substitution Out,(MONBUS OBRADOIRO) F. DOS ANJOS DE PAULA: Sustitución (Sale de pista),A. Barcello,A. Galan Pozo ,L. Westermann,Y. Barrueta,,A. Faure Ribes,D. Duscak,G. Parham Ii,P. Gonzalez Longarela,R. Lobaco Muñoz
2,04:52,292,35,21,MONBUS OBRADOIRO,A. Etxeguren Gonzalez,Substitution In,(MONBUS OBRADOIRO) A. ETXEGUREN GONZALEZ: Sustitución (Entra a pista),A. Barcello,A. Etxeguren Gonzalez,A. Galan Pozo ,L. Westermann,Y. Barrueta,A. Faure Ribes,D. Duscak,G. Parham Ii,P. Gonzalez Longarela,R. Lobaco Muñoz
2,04:52,292,35,21,MONBUS OBRADOIRO,F. Dos Anjos De Paula,Foul,(MONBUS OBRADOIRO) F. DOS ANJOS DE PAULA: FALTA Personal (Faltas: 2. Faltas de equipo: 11). Tiros libres: 2,A. Barcello,A. Etxeguren Gonzalez,A. Galan Pozo ,L. Westermann,Y. Barrueta,A. Faure Ribes,D. Duscak,G. Parham Ii,P. Gonzalez Longarela,R. Lobaco Muñoz
2,04:18,258,35,22,ALIMERKA OVIEDO BALONCESTO,D. Duscak,FT Made,(ALIMERKA OVIEDO BALONCESTO) D. DUSCAK: TIRO DE 1 ANOTADO (Puntos: 1),A. Barcello,A. Etxeguren Gonzalez,A. Galan Pozo ,L. Westermann,Y. Barrueta,A. Faure Ribes,D. Duscak,G. Parham Ii,P. Gonzalez Longarela,R. Lobaco Muñoz
2,04:18,258,35,23,ALIMERKA OVIEDO BALONCESTO,D. Duscak,FT Made,(ALIMERKA OVIEDO BALONCESTO) D. DUSCAK: TIRO DE 1 ANOTADO (Puntos: 2),A. Barcello,A. Etxeguren Gonzalez,A. Galan Pozo ,L. Westermann,Y. Barrueta,A. Faure Ribes,D. Duscak,G. Parham Ii,P. Gonzalez Longarela,R. Lobaco Muñoz
2,04:06,246,35,23,ALIMERKA OVIEDO BALONCESTO,P. Gonzalez Longarela,Substitution Out,(ALIMERKA OVIEDO BALONCESTO) P. GONZALEZ LONGARELA: Sustitución (Sale de pista),A. Barcello,A. Etxeguren Gonzalez,A. Galan Pozo ,L. Westermann,Y. Barrueta,A. Faure Ribes,D. Duscak,G. Parham Ii,R. Lobaco Muñoz,
2,04:06,246,35,23,ALIMERKA OVIEDO BALONCESTO,A. Faure Ribes,Substitution Out,(ALIMERKA OVIEDO BALONCESTO) A. FAURE RIBES: Sustitución (Sale de pista),A. Barcello,A. Etxeguren Gonzalez,A. Galan Pozo ,L. Westermann,Y. Barrueta,D. Duscak,G. Parham Ii,R. Lobaco Muñoz,,
2,04:06,246,35,23,ALIMERKA OVIEDO BALONCESTO,G. Parham Ii,Substitution Out,(ALIMERKA OVIEDO BALONCESTO) G. PARHAM II: Sustitución (Sale de pista),A. Barcello,A. Etxeguren Gonzalez,A. Galan Pozo ,L. Westermann,Y. Barrueta,D. Duscak,R. Lobaco Muñoz,,,
2,04:06,246,35,23,ALIMERKA OVIEDO BALONCESTO,D. Shelist,Substitution In,(ALIMERKA OVIEDO BALONCESTO) D. SHELIST: Sustitución (Entra a pista),A. Barcello,A. Etxeguren Gonzalez,A. Galan Pozo ,L. Westermann,Y. Barrueta,D. Duscak,D. Shelist,R. Lobaco Muñoz,,
2,04:06,246,35,23,ALIMERKA OVIEDO BALONCESTO,M. Townes Villar,Substitution In,(ALIMERKA OVIEDO BALONCESTO) M. TOWNES VILLAR: Sustitución (Entra a pista),A. Barcello,A. Etxeguren Gonzalez,A. Galan Pozo ,L. Westermann,Y. Barrueta,D. Duscak,D. Shelist,M. Townes Villar,R. Lobaco Muñoz,
2,04:06,246,35,23,ALIMERKA OVIEDO BALONCESTO,R. Cosialls Borras,Substitution In,(ALIMERKA OVIEDO BALONCESTO) R. COSIALLS BORRAS: Sustitución (Entra a pista),A. Barcello,A. Etxeguren Gonzalez,A. Galan Pozo ,L. Westermann,Y. Barrueta,D. Duscak,D. Shelist,M. Townes Villar,R. Cosialls Borras,R. Lobaco Muñoz
2,04:06,246,35,23,ALIMERKA OVIEDO BALONCESTO,P. Gonzalez Longarela,Foul,(ALIMERKA OVIEDO BALONCESTO) P. GONZALEZ LONGARELA: FALTA Personal (Faltas: 2. Faltas de equipo: 9). Tiros libres: 0,A. Barcello,A. Etxeguren Gonzalez,A. Galan Pozo ,L. Westermann,Y. Barrueta,D. Duscak,D. Shelist,M. Townes Villar,R. Cosialls Borras,R. Lobaco Muñoz
2,04:04,244,35,23,ALIMERKA OVIEDO BALONCESTO,R. Lobaco Muñoz,Rebound,(ALIMERKA OVIEDO BALONCESTO) R. LOBACO MUÑOZ: REBOTE (Rebotes: 4),A. Barcello,A. Etxeguren Gonzalez,A. Galan Pozo ,L. Westermann,Y. Barrueta,D. Duscak,D. Shelist,M. Townes Villar,R. Cosialls Borras,R. Lobaco Muñoz
2,04:04,244,35,23,MONBUS OBRADOIRO,A. Galan Pozo ,FT Missed,(MONBUS OBRADOIRO) A. GALAN POZO : TIRO DE 1 FALLADO,A. Barcello,A. Etxeguren Gonzalez,A. Galan Pozo ,L. Westermann,Y. Barrueta,D. Duscak,D. Shelist,M. Townes Villar,R. Cosialls Borras,R. Lobaco Muñoz
2,04:04,244,35,23,MONBUS OBRADOIRO,A. Galan Pozo ,FT Missed,(MONBUS OBRADOIRO) A. GALAN POZO : TIRO DE 1 FALLADO,A. Barcello,A. Etxeguren Gonzalez,A. Galan Pozo ,L. Westermann,Y. Barrueta,D. Duscak,D. Shelist,M. Townes Villar,R. Cosialls Borras,R. Lobaco Muñoz
2,04:04,244,35,23,ALIMERKA OVIEDO BALONCESTO,M. Townes Villar,Foul,(ALIMERKA OVIEDO BALONCESTO) M. TOWNES VILLAR: FALTA Personal (Faltas: 2. Faltas de equipo: 10). Tiros libres: 2,A. Barcello,A. Etxeguren Gonzalez,A. Galan Pozo ,L. Westermann,Y. Barrueta,D. Duscak,D. Shelist,M. Townes Villar,R. Cosialls Borras,R. Lobaco Muñoz
2,03:59,239,35,23,ALIMERKA OVIEDO BALONCESTO,R. Cosialls Borras,Rebound,(ALIMERKA OVIEDO BALONCESTO) R. COSIALLS BORRAS: REBOTE (Rebotes: 3),A. Barcello,A. Etxeguren Gonzalez,A. Galan Pozo ,L. Westermann,Y. Barrueta,D. Duscak,D. Shelist,M. Townes Villar,R. Cosialls Borras,R. Lobaco Muñoz
2,03:59,239,35,23,ALIMERKA OVIEDO BALONCESTO,M. Townes Villar,2PT Missed,(ALIMERKA OVIEDO BALONCESTO) M. TOWNES VILLAR: TIRO DE 2 FALLADO,A. Barcello,A. Etxeguren Gonzalez,A. Galan Pozo ,L. Westermann,Y. Barrueta,D. Duscak,D. Shelist,M. Townes Villar,R. Cosialls Borras,R. Lobaco Muñoz
2,03:54,234,36,23,MONBUS OBRADOIRO,A. Galan Pozo ,FT Made,(MONBUS OBRADOIRO) A. GALAN POZO : TIRO DE 1 ANOTADO (Puntos: 9),A. Barcello,A. Etxeguren Gonzalez,A. Galan Pozo ,L. Westermann,Y. Barrueta,D. Duscak,D. Shelist,M. Townes Villar,R. Cosialls Borras,R. Lobaco Muñoz
2,03:54,234,37,23,MONBUS OBRADOIRO,A. Galan Pozo ,FT Made,(MONBUS OBRADOIRO) A. GALAN POZO : TIRO DE 1 ANOTADO (Puntos: 10),A. Barcello,A. Etxeguren Gonzalez,A. Galan Pozo ,L. Westermann,Y. Barrueta,D. Duscak,D. Shelist,M. Townes Villar,R. Cosialls Borras,R. Lobaco Muñoz
2,03:54,234,37,23,MONBUS OBRADOIRO,A. Galan Pozo ,Substitution Out,(MONBUS OBRADOIRO) A. GALAN POZO : Sustitución (Sale de pista),A. Barcello,A. Etxeguren Gonzalez,L. Westermann,Y. Barrueta,,D. Duscak,D. Shelist,M. Townes Villar,R. Cosialls Borras,R. Lobaco Muñoz
2,03:54,234,37,23,MONBUS OBRADOIRO,R. Andersson,Substitution In,(MONBUS OBRADOIRO) R. ANDERSSON: Sustitución (Entra a pista),A. Barcello,A. Etxeguren Gonzalez,L. Westermann,R. Andersson,Y. Barrueta,D. Duscak,D. Shelist,M. Townes Villar,R. Cosialls Borras,R. Lobaco Muñoz
2,03:54,234,37,23,ALIMERKA OVIEDO BALONCESTO,D. Duscak,Foul,(ALIMERKA OVIEDO BALONCESTO) D. DUSCAK: FALTA Personal (Faltas: 1. Faltas de equipo: 11). Tiros libres: 2,A. Barcello,A. Etxeguren Gonzalez,L. Westermann,R. Andersson,Y. Barrueta,D. Duscak,D. Shelist,M. Townes Villar,R. Cosialls Borras,R. Lobaco Muñoz
2,03:54,234,37,23,MONBUS OBRADOIRO,Rebote (Rebotes,Rebound,(MONBUS OBRADOIRO) REBOTE (Rebotes: 11),A. Barcello,A. Etxeguren Gonzalez,L. Westermann,R. Andersson,Y. Barrueta,D. Duscak,D. Shelist,M. Townes Villar,R. Cosialls Borras,R. Lobaco Muñoz
2,03:54,234,37,23,ALIMERKA OVIEDO BALONCESTO,D. Shelist,3PT Missed,(ALIMERKA OVIEDO BALONCESTO) D. SHELIST: TIRO DE 3 FALLADO,A. Barcello,A. Etxeguren Gonzalez,L. Westermann,R. Andersson,Y. Barrueta,D. Duscak,D. Shelist,M. Townes Villar,R. Cosialls Borras,R. Lobaco Muñoz
2,03:33,213,37,25,ALIMERKA OVIEDO BALONCESTO,R. Lobaco Muñoz,2PT Made,(ALIMERKA OVIEDO BALONCESTO) R. LOBACO MUÑOZ: TIRO DE 2 ANOTADO (Puntos: 3),A. Barcello,A. Etxeguren Gonzalez,L. Westermann,R. Andersson,Y. Barrueta,D. Duscak,D. Shelist,M. Townes Villar,R. Cosialls Borras,R. Lobaco Muñoz
2,03:20,200,37,25,ALIMERKA OVIEDO BALONCESTO,D. Shelist,Rebound,(ALIMERKA OVIEDO BALONCESTO) D. SHELIST: REBOTE (Rebotes: 1),A. Barcello,A. Etxeguren Gonzalez,L. Westermann,R. Andersson,Y. Barrueta,D. Duscak,D. Shelist,M. Townes Villar,R. Cosialls Borras,R. Lobaco Muñoz
2,03:20,200,37,25,MONBUS OBRADOIRO,Y. Barrueta,2PT Missed,(MONBUS OBRADOIRO) Y. BARRUETA: TIRO DE 2 FALLADO,A. Barcello,A. Etxeguren Gonzalez,L. Westermann,R. Andersson,Y. Barrueta,D. Duscak,D. Shelist,M. Townes Villar,R. Cosialls Borras,R. Lobaco Muñoz
2,03:06,186,37,25,MONBUS OBRADOIRO,L. Westermann,Steal,(MONBUS OBRADOIRO) L. WESTERMANN: ROBO (Robos: 1),A. Barcello,A. Etxeguren Gonzalez,L. Westermann,R. Andersson,Y. Barrueta,D. Duscak,D. Shelist,M. Townes Villar,R. Cosialls Borras,R. Lobaco Muñoz
2,03:06,186,37,25,ALIMERKA OVIEDO BALONCESTO,M. Townes Villar,Turnover,(ALIMERKA OVIEDO BALONCESTO) M. TOWNES VILLAR: PÉRDIDA (Pérdidas: 2),A. Barcello,A. Etxeguren Gonzalez,L. Westermann,R. Andersson,Y. Barrueta,D. Duscak,D. Shelist,M. Townes Villar,R. Cosialls Borras,R. Lobaco Muñoz
2,03:02,182,38,25,MONBUS OBRADOIRO,A. Barcello,FT Made,(MONBUS OBRADOIRO) A. BARCELLO: TIRO DE 1 ANOTADO (Puntos: 5),A. Barcello,A. Etxeguren Gonzalez,L. Westermann,R. Andersson,Y. Barrueta,D. Duscak,D. Shelist,M. Townes Villar,R. Cosialls Borras,R. Lobaco Muñoz
2,03:02,182,39,25,MONBUS OBRADOIRO,A. Barcello,FT Made,(MONBUS OBRADOIRO) A. BARCELLO: TIRO DE 1 ANOTADO (Puntos: 6),A. Barcello,A. Etxeguren Gonzalez,L. Westermann,R. Andersson,Y. Barrueta,D. Duscak,D. Shelist,M. Townes Villar,R. Cosialls Borras,R. Lobaco Muñoz
2,03:02,182,39,25,MONBUS OBRADOIRO,A. Barcello,FT Missed,(MONBUS OBRADOIRO) A. BARCELLO: TIRO DE 1 FALLADO,A. Barcello,A. Etxeguren Gonzalez,L. Westermann,R. Andersson,Y. Barrueta,D. Duscak,D. Shelist,M. Townes Villar,R. Cosialls Borras,R. Lobaco Muñoz
2,03:02,182,39,25,ALIMERKA OVIEDO BALONCESTO,D. Duscak,Foul,(ALIMERKA OVIEDO BALONCESTO) D. DUSCAK: FALTA Personal (Faltas: 2. Faltas de equipo: 12). Tiros libres: 3,A. Barcello,A. Etxeguren Gonzalez,L. Westermann,R. Andersson,Y. Barrueta,D. Duscak,D. Shelist,M. Townes Villar,R. Cosialls Borras,R. Lobaco Muñoz
2,02:59,179,39,25,ALIMERKA OVIEDO BALONCESTO,M. Townes Villar,Substitution Out,(ALIMERKA OVIEDO BALONCESTO) M. TOWNES VILLAR: Sustitución (Sale de pista),A. Barcello,A. Etxeguren Gonzalez,L. Westermann,R. Andersson,Y. Barrueta,D. Duscak,D. Shelist,R. Cosialls Borras,R. Lobaco Muñoz,
2,02:59,179,39,25,ALIMERKA OVIEDO BALONCESTO,G. Parham Ii,Substitution In,(ALIMERKA OVIEDO BALONCESTO) G. PARHAM II: Sustitución (Entra a pista),A. Barcello,A. Etxeguren Gonzalez,L. Westermann,R. Andersson,Y. Barrueta,D. Duscak,D. Shelist,G. Parham Ii,R. Cosialls Borras,R. Lobaco Muñoz
2,02:42,162,39,25,ALIMERKA OVIEDO BALONCESTO,D. Shelist,Rebound,(ALIMERKA OVIEDO BALONCESTO) D. SHELIST: REBOTE (Rebotes: 2),A. Barcello,A. Etxeguren Gonzalez,L. Westermann,R. Andersson,Y. Barrueta,D. Duscak,D. Shelist,G. Parham Ii,R. Cosialls Borras,R. Lobaco Muñoz
2,02:42,162,39,25,ALIMERKA OVIEDO BALONCESTO,D. Shelist,2PT Missed,(ALIMERKA OVIEDO BALONCESTO) D. SHELIST: TIRO DE 2 FALLADO,A. Barcello,A. Etxeguren Gonzalez,L. Westermann,R. Andersson,Y. Barrueta,D. Duscak,D. Shelist,G. Parham Ii,R. Cosialls Borras,R. Lobaco Muñoz
2,02:37,157,39,26,ALIMERKA OVIEDO BALONCESTO,G. Parham Ii,FT Made,(ALIMERKA OVIEDO BALONCESTO) G. PARHAM II: TIRO DE 1 ANOTADO (Puntos: 5),A. Barcello,A. Etxeguren Gonzalez,L. Westermann,R. Andersson,Y. Barrueta,D. Duscak,D. Shelist,G. Parham Ii,R. Cosialls Borras,R. Lobaco Muñoz
2,02:37,157,39,27,ALIMERKA OVIEDO BALONCESTO,G. Parham Ii,FT Made,(ALIMERKA OVIEDO BALONCESTO) G. PARHAM II: TIRO DE 1 ANOTADO (Puntos: 6),A. Barcello,A. Etxeguren Gonzalez,L. Westermann,R. Andersson,Y. Barrueta,D. Duscak,D. Shelist,G. Parham Ii,R. Cosialls Borras,R. Lobaco Muñoz
2,02:37,157,39,27,MONBUS OBRADOIRO,L. Westermann,Foul,(MONBUS OBRADOIRO) L. WESTERMANN: FALTA Personal (Faltas: 2. Faltas de equipo: 12). Tiros libres: 2,A. Barcello,A. Etxeguren Gonzalez,L. Westermann,R. Andersson,Y. Barrueta,D. Duscak,D. Shelist,G. Parham Ii,R. Cosialls Borras,R. Lobaco Muñoz
2,02:17,137,39,27,ALIMERKA OVIEDO BALONCESTO,R. Cosialls Borras,Rebound,(ALIMERKA OVIEDO BALONCESTO) R. COSIALLS BORRAS: REBOTE (Rebotes: 4),A. Barcello,A. Etxeguren Gonzalez,L. Westermann,R. Andersson,Y. Barrueta,D. Duscak,D. Shelist,G. Parham Ii,R. Cosialls Borras,R. Lobaco Muñoz
2,02:17,137,39,27,MONBUS OBRADOIRO,A. Etxeguren Gonzalez,2PT Missed,(MONBUS OBRADOIRO) A. ETXEGUREN GONZALEZ: TIRO DE 2 FALLADO,A. Barcello,A. Etxeguren Gonzalez,L. Westermann,R. Andersson,Y. Barrueta,D. Duscak,D. Shelist,G. Parham Ii,R. Cosialls Borras,R. Lobaco Muñoz
2,02:08,128,39,30,ALIMERKA OVIEDO BALONCESTO,D. Duscak,3PT Made,(ALIMERKA OVIEDO BALONCESTO) D. DUSCAK: TIRO DE 3 ANOTADO (Puntos: 5),A. Barcello,A. Etxeguren Gonzalez,L. Westermann,R. Andersson,Y. Barrueta,D. Duscak,D. Shelist,G. Parham Ii,R. Cosialls Borras,R. Lobaco Muñoz
2,02:08,128,39,30,MONBUS OBRADOIRO,,Timeout,(MONBUS OBRADOIRO) Tiempo muerto,A. Barcello,A. Etxeguren Gonzalez,L. Westermann,R. Andersson,Y. Barrueta,D. Duscak,D. Shelist,G. Parham Ii,R. Cosialls Borras,R. Lobaco Muñoz
2,01:49,109,39,30,ALIMERKA OVIEDO BALONCESTO,D. Duscak,Steal,(ALIMERKA OVIEDO BALONCESTO) D. DUSCAK: ROBO (Robos: 2),A. Barcello,A. Etxeguren Gonzalez,L. Westermann,R. Andersson,Y. Barrueta,D. Duscak,D. Shelist,G. Parham Ii,R. Cosialls Borras,R. Lobaco Muñoz
2,01:49,109,39,30,MONBUS OBRADOIRO,A. Barcello,Turnover,(MONBUS OBRADOIRO) A. BARCELLO: PÉRDIDA (Pérdidas: 1),A. Barcello,A. Etxeguren Gonzalez,L. Westermann,R. Andersson,Y. Barrueta,D. Duscak,D. Shelist,G. Parham Ii,R. Cosialls Borras,R. Lobaco Muñoz
2,01:36,96,39,30,MONBUS OBRADOIRO,L. Westermann,Rebound,(MONBUS OBRADOIRO) L. WESTERMANN: REBOTE (Rebotes: 2),A. Barcello,A. Etxeguren Gonzalez,L. Westermann,R. Andersson,Y. Barrueta,D. Duscak,D. Shelist,G. Parham Ii,R. Cosialls Borras,R. Lobaco Muñoz
2,01:36,96,39,30,ALIMERKA OVIEDO BALONCESTO,D. Duscak,2PT Missed,(ALIMERKA OVIEDO BALONCESTO) D. DUSCAK: TIRO DE 2 FALLADO,A. Barcello,A. Etxeguren Gonzalez,L. Westermann,R. Andersson,Y. Barrueta,D. Duscak,D. Shelist,G. Parham Ii,R. Cosialls Borras,R. Lobaco Muñoz
2,01:17,77,40,30,MONBUS OBRADOIRO,R. Andersson,FT Made,(MONBUS OBRADOIRO) R. ANDERSSON: TIRO DE 1 ANOTADO (Puntos: 1),A. Barcello,A. Etxeguren Gonzalez,L. Westermann,R. Andersson,Y. Barrueta,D. Duscak,D. Shelist,G. Parham Ii,R. Cosialls Borras,R. Lobaco Muñoz
2,01:17,77,41,30,MONBUS OBRADOIRO,R. Andersson,FT Made,(MONBUS OBRADOIRO) R. ANDERSSON: TIRO DE 1 ANOTADO (Puntos: 2),A. Barcello,A. Etxeguren Gonzalez,L. Westermann,R. Andersson,Y. Barrueta,D. Duscak,D. Shelist,G. Parham Ii,R. Cosialls Borras,R. Lobaco Muñoz
2,01:17,77,41,30,ALIMERKA OVIEDO BALONCESTO,D. Shelist,Substitution Out,(ALIMERKA OVIEDO BALONCESTO) D. SHELIST: Sustitución (Sale de pista),A. Barcello,A. Etxeguren Gonzalez,L. Westermann,R. Andersson,Y. Barrueta,D. Duscak,G. Parham Ii,R. Cosialls Borras,R. Lobaco Muñoz,
2,01:17,77,41,30,MONBUS OBRADOIRO,L. Westermann,Substitution Out,(MONBUS OBRADOIRO) L. WESTERMANN: Sustitución (Sale de pista),A. Barcello,A. Etxeguren Gonzalez,R. Andersson,Y. Barrueta,,D. Duscak,G. Parham Ii,R. Cosialls Borras,R. Lobaco Muñoz,
2,01:17,77,41,30,ALIMERKA OVIEDO BALONCESTO,F. Nwaokorie,Substitution In,(ALIMERKA OVIEDO BALONCESTO) F. NWAOKORIE: Sustitución (Entra a pista),A. Barcello,A. Etxeguren Gonzalez,R. Andersson,Y. Barrueta,,D. Duscak,F. Nwaokorie,G. Parham Ii,R. Cosialls Borras,R. Lobaco Muñoz
2,01:17,77,41,30,MONBUS OBRADOIRO,M. Speight,Substitution In,(MONBUS OBRADOIRO) M. SPEIGHT: Sustitución (Entra a pista),A. Barcello,A. Etxeguren Gonzalez,M. Speight,R. Andersson,Y. Barrueta,D. Duscak,F. Nwaokorie,G. Parham Ii,R. Cosialls Borras,R. Lobaco Muñoz
2,01:17,77,41,30,MONBUS OBRADOIRO,A. Etxeguren Gonzalez,Assist,(MONBUS OBRADOIRO) A. ETXEGUREN GONZALEZ: ASISTENCIA (Asistencias: 1),A. Barcello,A. Etxeguren Gonzalez,M. Speight,R. Andersson,Y. Barrueta,D. Duscak,F. Nwaokorie,G. Parham Ii,R. Cosialls Borras,R. Lobaco Muñoz
2,01:17,77,41,30,MONBUS OBRADOIRO,R. Andersson,FT Missed,(MONBUS OBRADOIRO) R. ANDERSSON: TIRO DE 1 FALLADO,A. Barcello,A. Etxeguren Gonzalez,M. Speight,R. Andersson,Y. Barrueta,D. Duscak,F. Nwaokorie,G. Parham Ii,R. Cosialls Borras,R. Lobaco Muñoz
2,01:17,77,41,30,ALIMERKA OVIEDO BALONCESTO,D. Shelist,Foul,(ALIMERKA OVIEDO BALONCESTO) D. SHELIST: FALTA Personal (Faltas: 2. Faltas de equipo: 13). Tiros libres: 3,A. Barcello,A. Etxeguren Gonzalez,M. Speight,R. Andersson,Y. Barrueta,D. Duscak,F. Nwaokorie,G. Parham Ii,R. Cosialls Borras,R. Lobaco Muñoz
2,00:56,56,41,30,MONBUS OBRADOIRO,R. Andersson,Rebound,(MONBUS OBRADOIRO) R. ANDERSSON: REBOTE (Rebotes: 2),A. Barcello,A. Etxeguren Gonzalez,M. Speight,R. Andersson,Y. Barrueta,D. Duscak,F. Nwaokorie,G. Parham Ii,R. Cosialls Borras,R. Lobaco Muñoz
2,00:56,56,41,30,ALIMERKA OVIEDO BALONCESTO,D. Duscak,3PT Missed,(ALIMERKA OVIEDO BALONCESTO) D. DUSCAK: TIRO DE 3 FALLADO,A. Barcello,A. Etxeguren Gonzalez,M. Speight,R. Andersson,Y. Barrueta,D. Duscak,F. Nwaokorie,G. Parham Ii,R. Cosialls Borras,R. Lobaco Muñoz
2,00:40,40,41,30,ALIMERKA OVIEDO BALONCESTO,R. Lobaco Muñoz,Rebound,(ALIMERKA OVIEDO BALONCESTO) R. LOBACO MUÑOZ: REBOTE (Rebotes: 5),A. Barcello,A. Etxeguren Gonzalez,M. Speight,R. Andersson,Y. Barrueta,D. Duscak,F. Nwaokorie,G. Parham Ii,R. Cosialls Borras,R. Lobaco Muñoz
2,00:40,40,41,30,MONBUS OBRADOIRO,R. Andersson,3PT Missed,(MONBUS OBRADOIRO) R. ANDERSSON: TIRO DE 3 FALLADO,A. Barcello,A. Etxeguren Gonzalez,M. Speight,R. Andersson,Y. Barrueta,D. Duscak,F. Nwaokorie,G. Parham Ii,R. Cosialls Borras,R. Lobaco Muñoz
2,00:29,29,41,30,ALIMERKA OVIEDO BALONCESTO,R. Lobaco Muñoz,Rebound,(ALIMERKA OVIEDO BALONCESTO) R. LOBACO MUÑOZ: REBOTE (Rebotes: 6),A. Barcello,A. Etxeguren Gonzalez,M. Speight,R. Andersson,Y. Barrueta,D. Duscak,F. Nwaokorie,G. Parham Ii,R. Cosialls Borras,R. Lobaco Muñoz
2,00:29,29,41,30,ALIMERKA OVIEDO BALONCESTO,F. Nwaokorie,3PT Missed,(ALIMERKA OVIEDO BALONCESTO) F. NWAOKORIE: TIRO DE 3 FALLADO,A. Barcello,A. Etxeguren Gonzalez,M. Speight,R. Andersson,Y. Barrueta,D. Duscak,F. Nwaokorie,G. Parham Ii,R. Cosialls Borras,R. Lobaco Muñoz
2,00:16,16,41,32,ALIMERKA OVIEDO BALONCESTO,R. Lobaco Muñoz,2PT Made,(ALIMERKA OVIEDO BALONCESTO) R. LOBACO MUÑOZ: TIRO DE 2 ANOTADO (Puntos: 5),A. Barcello,A. Etxeguren Gonzalez,M. Speight,R. Andersson,Y. Barrueta,D. Duscak,F. Nwaokorie,G. Parham Ii,R. Cosialls Borras,R. Lobaco Muñoz
2,00:16,16,41,32,ALIMERKA OVIEDO BALONCESTO,R. Cosialls Borras,Assist,(ALIMERKA OVIEDO BALONCESTO) R. COSIALLS BORRAS: ASISTENCIA (Asistencias: 1),A. Barcello,A. Etxeguren Gonzalez,M. Speight,R. Andersson,Y. Barrueta,D. Duscak,F. Nwaokorie,G. Parham Ii,R. Cosialls Borras,R. Lobaco Muñoz
2,00:03,3,41,32,ALIMERKA OVIEDO BALONCESTO,F. Nwaokorie,Steal,(ALIMERKA OVIEDO BALONCESTO) F. NWAOKORIE: ROBO (Robos: 1),A. Barcello,A. Etxeguren Gonzalez,M. Speight,R. Andersson,Y. Barrueta,D. Duscak,F. Nwaokorie,G. Parham Ii,R. Cosialls Borras,R. Lobaco Muñoz
2,00:03,3,41,32,MONBUS OBRADOIRO,M. Speight,Turnover,(MONBUS OBRADOIRO) M. SPEIGHT: PÉRDIDA (Pérdidas: 2),A. Barcello,A. Etxeguren Gonzalez,M. Speight,R. Andersson,Y. Barrueta,D. Duscak,F. Nwaokorie,G. Parham Ii,R. Cosialls Borras,R. Lobaco Muñoz
2,00:00,0,41,32,,,Period,Fin del Cuarto 2,A. Barcello,A. Etxeguren Gonzalez,M. Speight,R. Andersson,Y. Barrueta,D. Duscak,F. Nwaokorie,G. Parham Ii,R. Cosialls Borras,R. Lobaco Muñoz
3,10:00,600,41,32,ALIMERKA OVIEDO BALONCESTO,R. Cosialls Borras,Substitution Out,(ALIMERKA OVIEDO BALONCESTO) R. COSIALLS BORRAS: Sustitución (Sale de pista),A. Barcello,A. Etxeguren Gonzalez,M. Speight,R. Andersson,Y. Barrueta,D. Duscak,F. Nwaokorie,G. Parham Ii,R. Lobaco Muñoz,
3,10:00,600,41,32,ALIMERKA OVIEDO BALONCESTO,F. Nwaokorie,Substitution Out,(ALIMERKA OVIEDO BALONCESTO) F. NWAOKORIE: Sustitución (Sale de pista),A. Barcello,A. Etxeguren Gonzalez,M. Speight,R. Andersson,Y. Barrueta,D. Duscak,G. Parham Ii,R. Lobaco Muñoz,,
3,10:00,600,41,32,MONBUS OBRADOIRO,R. Andersson,Substitution Out,(MONBUS OBRADOIRO) R. ANDERSSON: Sustitución (Sale de pista),A. Barcello,A. Etxeguren Gonzalez,M. Speight,Y. Barrueta,,D. Duscak,G. Parham Ii,R. Lobaco Muñoz,,
3,10:00,600,41,32,ALIMERKA OVIEDO BALONCESTO,G. Parham Ii,Substitution Out,(ALIMERKA OVIEDO BALONCESTO) G. PARHAM II: Sustitución (Sale de pista),A. Barcello,A. Etxeguren Gonzalez,M. Speight,Y. Barrueta,,D. Duscak,R. Lobaco Muñoz,,,
3,10:00,600,41,32,MONBUS OBRADOIRO,M. Speight,Substitution Out,(MONBUS OBRADOIRO) M. SPEIGHT: Sustitución (Sale de pista),A. Barcello,A. Etxeguren Gonzalez,Y. Barrueta,,,D. Duscak,R. Lobaco Muñoz,,,
3,10:00,600,41,32,MONBUS OBRADOIRO,A. Etxeguren Gonzalez,Substitution Out,(MONBUS OBRADOIRO) A. ETXEGUREN GONZALEZ: Sustitución (Sale de pista),A. Barcello,Y. Barrueta,,,,D. Duscak,R. Lobaco Muñoz,,,
3,10:00,600,41,32,ALIMERKA OVIEDO BALONCESTO,D. Shelist,Substitution In,(ALIMERKA OVIEDO BALONCESTO) D. SHELIST: Sustitución (Entra a pista),A. Barcello,Y. Barrueta,,,,D. Duscak,D. Shelist,R. Lobaco Muñoz,,
3,10:00,600,41,32,ALIMERKA OVIEDO BALONCESTO,M. Townes Villar,Substitution In,(ALIMERKA OVIEDO BALONCESTO) M. TOWNES VILLAR: Sustitución (Entra a pista),A. Barcello,Y. Barrueta,,,,D. Duscak,D. Shelist,M. Townes Villar,R. Lobaco Muñoz,
3,10:00,600,41,32,ALIMERKA OVIEDO BALONCESTO,A. Faure Ribes,Substitution In,(ALIMERKA OVIEDO BALONCESTO) A. FAURE RIBES: Sustitución (Entra a pista),A. Barcello,Y. Barrueta,,,,A. Faure Ribes,D. Duscak,D. Shelist,M. Townes Villar,R. Lobaco Muñoz
3,10:00,600,41,32,MONBUS OBRADOIRO,A. Galan Pozo ,Substitution In,(MONBUS OBRADOIRO) A. GALAN POZO : Sustitución (Entra a pista),A. Barcello,A. Galan Pozo ,Y. Barrueta,,,A. Faure Ribes,D. Duscak,D. Shelist,M. Townes Villar,R. Lobaco Muñoz
3,10:00,600,41,32,MONBUS OBRADOIRO,L. Westermann,Substitution In,(MONBUS OBRADOIRO) L. WESTERMANN: Sustitución (Entra a pista),A. Barcello,A. Galan Pozo ,L. Westermann,Y. Barrueta,,A. Faure Ribes,D. Duscak,D. Shelist,M. Townes Villar,R. Lobaco Muñoz
3,10:00,600,41,32,MONBUS OBRADOIRO,F. Dos Anjos De Paula,Substitution In,(MONBUS OBRADOIRO) F. DOS ANJOS DE PAULA: Sustitución (Entra a pista),A. Barcello,A. Galan Pozo ,F. Dos Anjos De Paula,L. Westermann,Y. Barrueta,A. Faure Ribes,D. Duscak,D. Shelist,M. Townes Villar,R. Lobaco Muñoz
3,10:00,600,41,32,,,Period,Comienzo del Cuarto 3,A. Barcello,A. Galan Pozo ,F. Dos Anjos De Paula,L. Westermann,Y. Barrueta,A. Faure Ribes,D. Duscak,D. Shelist,M. Townes Villar,R. Lobaco Muñoz
3,09:49,589,41,32,ALIMERKA OVIEDO BALONCESTO,Rebote (Rebotes,Rebound,(ALIMERKA OVIEDO BALONCESTO) REBOTE (Rebotes: 20),A. Barcello,A. Galan Pozo ,F. Dos Anjos De Paula,L. Westermann,Y. Barrueta,A. Faure Ribes,D. Duscak,D. Shelist,M. Townes Villar,R. Lobaco Muñoz
3,09:49,589,41,32,MONBUS OBRADOIRO,A. Barcello,2PT Missed,(MONBUS OBRADOIRO) A. BARCELLO: TIRO DE 2 FALLADO,A. Barcello,A. Galan Pozo ,F. Dos Anjos De Paula,L. Westermann,Y. Barrueta,A. Faure Ribes,D. Duscak,D. Shelist,M. Townes Villar,R. Lobaco Muñoz
3,09:36,576,41,32,MONBUS OBRADOIRO,Y. Barrueta,Rebound,(MONBUS OBRADOIRO) Y. BARRUETA: REBOTE (Rebotes: 2),A. Barcello,A. Galan Pozo ,F. Dos Anjos De Paula,L. Westermann,Y. Barrueta,A. Faure Ribes,D. Duscak,D. Shelist,M. Townes Villar,R. Lobaco Muñoz
3,09:36,576,41,32,ALIMERKA OVIEDO BALONCESTO,R. Lobaco Muñoz,3PT Missed,(ALIMERKA OVIEDO BALONCESTO) R. LOBACO MUÑOZ: TIRO DE 3 FALLADO,A. Barcello,A. Galan Pozo ,F. Dos Anjos De Paula,L. Westermann,Y. Barrueta,A. Faure Ribes,D. Duscak,D. Shelist,M. Townes Villar,R. Lobaco Muñoz
3,09:19,559,43,32,MONBUS OBRADOIRO,F. Dos Anjos De Paula,2PT Made,(MONBUS OBRADOIRO) F. DOS ANJOS DE PAULA: TIRO DE 2 ANOTADO (Puntos: 6),A. Barcello,A. Galan Pozo ,F. Dos Anjos De Paula,L. Westermann,Y. Barrueta,A. Faure Ribes,D. Duscak,D. Shelist,M. Townes Villar,R. Lobaco Muñoz
3,09:07,547,43,34,ALIMERKA OVIEDO BALONCESTO,D. Shelist,2PT Made,(ALIMERKA OVIEDO BALONCESTO) D. SHELIST: TIRO DE 2 ANOTADO (Puntos: 6),A. Barcello,A. Galan Pozo ,F. Dos Anjos De Paula,L. Westermann,Y. Barrueta,A. Faure Ribes,D. Duscak,D. Shelist,M. Townes Villar,R. Lobaco Muñoz
3,09:07,547,43,34,ALIMERKA OVIEDO BALONCESTO,A. Faure Ribes,Assist,(ALIMERKA OVIEDO BALONCESTO) A. FAURE RIBES: ASISTENCIA (Asistencias: 1),A. Barcello,A. Galan Pozo ,F. Dos Anjos De Paula,L. Westermann,Y. Barrueta,A. Faure Ribes,D. Duscak,D. Shelist,M. Townes Villar,R. Lobaco Muñoz
3,08:48,528,45,34,MONBUS OBRADOIRO,F. Dos Anjos De Paula,2PT Made,(MONBUS OBRADOIRO) F. DOS ANJOS DE PAULA: TIRO DE 2 ANOTADO (Puntos: 8),A. Barcello,A. Galan Pozo ,F. Dos Anjos De Paula,L. Westermann,Y. Barrueta,A. Faure Ribes,D. Duscak,D. Shelist,M. Townes Villar,R. Lobaco Muñoz
3,08:48,528,45,34,MONBUS OBRADOIRO,A. Galan Pozo ,Assist,(MONBUS OBRADOIRO) A. GALAN POZO : ASISTENCIA (Asistencias: 2),A. Barcello,A. Galan Pozo ,F. Dos Anjos De Paula,L. Westermann,Y. Barrueta,A. Faure Ribes,D. Duscak,D. Shelist,M. Townes Villar,R. Lobaco Muñoz
3,08:40,520,45,35,ALIMERKA OVIEDO BALONCESTO,D. Shelist,FT Made,(ALIMERKA OVIEDO BALONCESTO) D. SHELIST: TIRO DE 1 ANOTADO (Puntos: 7),A. Barcello,A. Galan Pozo ,F. Dos Anjos De Paula,L. Westermann,Y. Barrueta,A. Faure Ribes,D. Duscak,D. Shelist,M. Townes Villar,R. Lobaco Muñoz
3,08:40,520,45,36,ALIMERKA OVIEDO BALONCESTO,D. Shelist,FT Made,(ALIMERKA OVIEDO BALONCESTO) D. SHELIST: TIRO DE 1 ANOTADO (Puntos: 8),A. Barcello,A. Galan Pozo ,F. Dos Anjos De Paula,L. Westermann,Y. Barrueta,A. Faure Ribes,D. Duscak,D. Shelist,M. Townes Villar,R. Lobaco Muñoz
3,08:40,520,45,36,MONBUS OBRADOIRO,F. Dos Anjos De Paula,Substitution Out,(MONBUS OBRADOIRO) F. DOS ANJOS DE PAULA: Sustitución (Sale de pista),A. Barcello,A. Galan Pozo ,L. Westermann,Y. Barrueta,,A. Faure Ribes,D. Duscak,D. Shelist,M. Townes Villar,R. Lobaco Muñoz
3,08:40,520,45,36,MONBUS OBRADOIRO,D. Kravic,Substitution In,(MONBUS OBRADOIRO) D. KRAVIC: Sustitución (Entra a pista),A. Barcello,A. Galan Pozo ,D. Kravic,L. Westermann,Y. Barrueta,A. Faure Ribes,D. Duscak,D. Shelist,M. Townes Villar,R. Lobaco Muñoz
3,08:40,520,45,36,MONBUS OBRADOIRO,F. Dos Anjos De Paula,Foul,(MONBUS OBRADOIRO) F. DOS ANJOS DE PAULA: FALTA Personal (Faltas: 3. Faltas de equipo: 13). Tiros libres: 2,A. Barcello,A. Galan Pozo ,D. Kravic,L. Westermann,Y. Barrueta,A. Faure Ribes,D. Duscak,D. Shelist,M. Townes Villar,R. Lobaco Muñoz
3,08:26,506,45,36,MONBUS OBRADOIRO,D. Kravic,Rebound,(MONBUS OBRADOIRO) D. KRAVIC: REBOTE (Rebotes: 2),A. Barcello,A. Galan Pozo ,D. Kravic,L. Westermann,Y. Barrueta,A. Faure Ribes,D. Duscak,D. Shelist,M. Townes Villar,R. Lobaco Muñoz
3,08:26,506,45,36,MONBUS OBRADOIRO,D. Kravic,2PT Missed,(MONBUS OBRADOIRO) D. KRAVIC: TIRO DE 2 FALLADO,A. Barcello,A. Galan Pozo ,D. Kravic,L. Westermann,Y. Barrueta,A. Faure Ribes,D. Duscak,D. Shelist,M. Townes Villar,R. Lobaco Muñoz
3,08:23,503,47,36,MONBUS OBRADOIRO,D. Kravic,2PT Made,(MONBUS OBRADOIRO) D. KRAVIC: TIRO DE 2 ANOTADO (Puntos: 4),A. Barcello,A. Galan Pozo ,D. Kravic,L. Westermann,Y. Barrueta,A. Faure Ribes,D. Duscak,D. Shelist,M. Townes Villar,R. Lobaco Muñoz
3,08:07,487,47,36,MONBUS OBRADOIRO,Rebote (Rebotes,Rebound,(MONBUS OBRADOIRO) REBOTE (Rebotes: 15),A. Barcello,A. Galan Pozo ,D. Kravic,L. Westermann,Y. Barrueta,A. Faure Ribes,D. Duscak,D. Shelist,M. Townes Villar,R. Lobaco Muñoz
3,08:07,487,47,36,ALIMERKA OVIEDO BALONCESTO,M. Townes Villar,3PT Missed,(ALIMERKA OVIEDO BALONCESTO) M. TOWNES VILLAR: TIRO DE 3 FALLADO,A. Barcello,A. Galan Pozo ,D. Kravic,L. Westermann,Y. Barrueta,A. Faure Ribes,D. Duscak,D. Shelist,M. Townes Villar,R. Lobaco Muñoz
3,07:51,471,47,36,ALIMERKA OVIEDO BALONCESTO,R. Lobaco Muñoz,Rebound,(ALIMERKA OVIEDO BALONCESTO) R. LOBACO MUÑOZ: REBOTE (Rebotes: 7),A. Barcello,A. Galan Pozo ,D. Kravic,L. Westermann,Y. Barrueta,A. Faure Ribes,D. Duscak,D. Shelist,M. Townes Villar,R. Lobaco Muñoz
3,07:51,471,47,36,MONBUS OBRADOIRO,L. Westermann,2PT Missed,(MONBUS OBRADOIRO) L. WESTERMANN: TIRO DE 2 FALLADO,A. Barcello,A. Galan Pozo ,D. Kravic,L. Westermann,Y. Barrueta,A. Faure Ribes,D. Duscak,D. Shelist,M. Townes Villar,R. Lobaco Muñoz
3,07:44,464,47,36,ALIMERKA OVIEDO BALONCESTO,A. Faure Ribes,Substitution Out,(ALIMERKA OVIEDO BALONCESTO) A. FAURE RIBES: Sustitución (Sale de pista),A. Barcello,A. Galan Pozo ,D. Kravic,L. Westermann,Y. Barrueta,D. Duscak,D. Shelist,M. Townes Villar,R. Lobaco Muñoz,
3,07:44,464,47,36,ALIMERKA OVIEDO BALONCESTO,R. Cosialls Borras,Substitution In,(ALIMERKA OVIEDO BALONCESTO) R. COSIALLS BORRAS: Sustitución (Entra a pista),A. Barcello,A. Galan Pozo ,D. Kravic,L. Westermann,Y. Barrueta,D. Duscak,D. Shelist,M. Townes Villar,R. Cosialls Borras,R. Lobaco Muñoz
3,07:44,464,47,36,MONBUS OBRADOIRO,A. Barcello,Foul,(MONBUS OBRADOIRO) A. BARCELLO: FALTA Personal (Faltas: 1. Faltas de equipo: 14). Tiros libres: 0,A. Barcello,A. Galan Pozo ,D. Kravic,L. Westermann,Y. Barrueta,D. Duscak,D. Shelist,M. Townes Villar,R. Cosialls Borras,R. Lobaco Muñoz
3,07:34,454,47,36,ALIMERKA OVIEDO BALONCESTO,D. Duscak,Rebound,(ALIMERKA OVIEDO BALONCESTO) D. DUSCAK: REBOTE (Rebotes: 1),A. Barcello,A. Galan Pozo ,D. Kravic,L. Westermann,Y. Barrueta,D. Duscak,D. Shelist,M. Townes Villar,R. Cosialls Borras,R. Lobaco Muñoz
3,07:34,454,47,36,ALIMERKA OVIEDO BALONCESTO,R. Lobaco Muñoz,3PT Missed,(ALIMERKA OVIEDO BALONCESTO) R. LOBACO MUÑOZ: TIRO DE 3 FALLADO,A. Barcello,A. Galan Pozo ,D. Kravic,L. Westermann,Y. Barrueta,D. Duscak,D. Shelist,M. Townes Villar,R. Cosialls Borras,R. Lobaco Muñoz
3,07:28,448,47,38,ALIMERKA OVIEDO BALONCESTO,R. Cosialls Borras,2PT Made,(ALIMERKA OVIEDO BALONCESTO) R. COSIALLS BORRAS: TIRO DE 2 ANOTADO (Puntos: 4),A. Barcello,A. Galan Pozo ,D. Kravic,L. Westermann,Y. Barrueta,D. Duscak,D. Shelist,M. Townes Villar,R. Cosialls Borras,R. Lobaco Muñoz
3,07:28,448,47,38,ALIMERKA OVIEDO BALONCESTO,M. Townes Villar,Assist,(ALIMERKA OVIEDO BALONCESTO) M. TOWNES VILLAR: ASISTENCIA (Asistencias: 2),A. Barcello,A. Galan Pozo ,D. Kravic,L. Westermann,Y. Barrueta,D. Duscak,D. Shelist,M. Townes Villar,R. Cosialls Borras,R. Lobaco Muñoz
3,07:19,439,47,38,ALIMERKA OVIEDO BALONCESTO,M. Townes Villar,Steal,(ALIMERKA OVIEDO BALONCESTO) M. TOWNES VILLAR: ROBO (Robos: 2),A. Barcello,A. Galan Pozo ,D. Kravic,L. Westermann,Y. Barrueta,D. Duscak,D. Shelist,M. Townes Villar,R. Cosialls Borras,R. Lobaco Muñoz
3,07:19,439,47,38,MONBUS OBRADOIRO,L. Westermann,Turnover,(MONBUS OBRADOIRO) L. WESTERMANN: PÉRDIDA (Pérdidas: 2),A. Barcello,A. Galan Pozo ,D. Kravic,L. Westermann,Y. Barrueta,D. Duscak,D. Shelist,M. Townes Villar,R. Cosialls Borras,R. Lobaco Muñoz
3,07:15,435,47,40,ALIMERKA OVIEDO BALONCESTO,M. Townes Villar,2PT Made,(ALIMERKA OVIEDO BALONCESTO) M. TOWNES VILLAR: TIRO DE 2 ANOTADO (Puntos: 8),A. Barcello,A. Galan Pozo ,D. Kravic,L. Westermann,Y. Barrueta,D. Duscak,D. Shelist,M. Townes Villar,R. Cosialls Borras,R. Lobaco Muñoz
3,06:44,404,48,40,MONBUS OBRADOIRO,A. Barcello,FT Made,(MONBUS OBRADOIRO) A. BARCELLO: TIRO DE 1 ANOTADO (Puntos: 7),A. Barcello,A. Galan Pozo ,D. Kravic,L. Westermann,Y. Barrueta,D. Duscak,D. Shelist,M. Townes Villar,R. Cosialls Borras,R. Lobaco Muñoz
3,06:44,404,48,40,ALIMERKA OVIEDO BALONCESTO,D. Duscak,Rebound,(ALIMERKA OVIEDO BALONCESTO) D. DUSCAK: REBOTE (Rebotes: 2),A. Barcello,A. Galan Pozo ,D. Kravic,L. Westermann,Y. Barrueta,D. Duscak,D. Shelist,M. Townes Villar,R. Cosialls Borras,R. Lobaco Muñoz
3,06:44,404,48,40,ALIMERKA OVIEDO BALONCESTO,R. Lobaco Muñoz,3PT Missed,(ALIMERKA OVIEDO BALONCESTO) R. LOBACO MUÑOZ: TIRO DE 3 FALLADO,A. Barcello,A. Galan Pozo ,D. Kravic,L. Westermann,Y. Barrueta,D. Duscak,D. Shelist,M. Townes Villar,R. Cosialls Borras,R. Lobaco Muñoz
3,06:44,404,48,40,MONBUS OBRADOIRO,A. Barcello,Turnover,(MONBUS OBRADOIRO) A. BARCELLO: PÉRDIDA (Pérdidas: 2),A. Barcello,A. Galan Pozo ,D. Kravic,L. Westermann,Y. Barrueta,D. Duscak,D. Shelist,M. Townes Villar,R. Cosialls Borras,R. Lobaco Muñoz
3,06:44,404,48,40,ALIMERKA OVIEDO BALONCESTO,Entrenador,Foul,(ALIMERKA OVIEDO BALONCESTO) Entrenador: FALTA Técnica. Tiros libres: 1,A. Barcello,A. Galan Pozo ,D. Kravic,L. Westermann,Y. Barrueta,D. Duscak,D. Shelist,M. Townes Villar,R. Cosialls Borras,R. Lobaco Muñoz
3,06:44,404,48,40,ALIMERKA OVIEDO BALONCESTO,R. Lobaco Muñoz,Foul,(ALIMERKA OVIEDO BALONCESTO) R. LOBACO MUÑOZ: FALTA Personal (Faltas: 1. Faltas de equipo: 14). Tiros libres: 0,A. Barcello,A. Galan Pozo ,D. Kravic,L. Westermann,Y. Barrueta,D. Duscak,D. Shelist,M. Townes Villar,R. Cosialls Borras,R. Lobaco Muñoz
3,06:39,399,48,40,MONBUS OBRADOIRO,,Timeout,(MONBUS OBRADOIRO) Tiempo muerto,A. Barcello,A. Galan Pozo ,D. Kravic,L. Westermann,Y. Barrueta,D. Duscak,D. Shelist,M. Townes Villar,R. Cosialls Borras,R. Lobaco Muñoz
3,06:37,397,48,42,ALIMERKA OVIEDO BALONCESTO,D. Shelist,2PT Made,(ALIMERKA OVIEDO BALONCESTO) D. SHELIST: TIRO DE 2 ANOTADO (Puntos: 10),A. Barcello,A. Galan Pozo ,D. Kravic,L. Westermann,Y. Barrueta,D. Duscak,D. Shelist,M. Townes Villar,R. Cosialls Borras,R. Lobaco Muñoz
3,06:29,389,51,42,MONBUS OBRADOIRO,Y. Barrueta,3PT Made,(MONBUS OBRADOIRO) Y. BARRUETA: TIRO DE 3 ANOTADO (Puntos: 3),A. Barcello,A. Galan Pozo ,D. Kravic,L. Westermann,Y. Barrueta,D. Duscak,D. Shelist,M. Townes Villar,R. Cosialls Borras,R. Lobaco Muñoz
3,06:29,389,51,42,MONBUS OBRADOIRO,L. Westermann,Assist,(MONBUS OBRADOIRO) L. WESTERMANN: ASISTENCIA (Asistencias: 2),A. Barcello,A. Galan Pozo ,D. Kravic,L. Westermann,Y. Barrueta,D. Duscak,D. Shelist,M. Townes Villar,R. Cosialls Borras,R. Lobaco Muñoz
3,06:05,365,51,42,ALIMERKA OVIEDO BALONCESTO,M. Townes Villar,Turnover,(ALIMERKA OVIEDO BALONCESTO) M. TOWNES VILLAR: PÉRDIDA (Pérdidas: 3),A. Barcello,A. Galan Pozo ,D. Kravic,L. Westermann,Y. Barrueta,D. Duscak,D. Shelist,M. Townes Villar,R. Cosialls Borras,R. Lobaco Muñoz
3,05:48,348,51,42,ALIMERKA OVIEDO BALONCESTO,R. Cosialls Borras,Rebound,(ALIMERKA OVIEDO BALONCESTO) R. COSIALLS BORRAS: REBOTE (Rebotes: 5),A. Barcello,A. Galan Pozo ,D. Kravic,L. Westermann,Y. Barrueta,D. Duscak,D. Shelist,M. Townes Villar,R. Cosialls Borras,R. Lobaco Muñoz
3,05:48,348,51,42,MONBUS OBRADOIRO,D. Kravic,2PT Missed,(MONBUS OBRADOIRO) D. KRAVIC: TIRO DE 2 FALLADO,A. Barcello,A. Galan Pozo ,D. Kravic,L. Westermann,Y. Barrueta,D. Duscak,D. Shelist,M. Townes Villar,R. Cosialls Borras,R. Lobaco Muñoz
3,05:39,339,51,42,MONBUS OBRADOIRO,D. Kravic,Rebound,(MONBUS OBRADOIRO) D. KRAVIC: REBOTE (Rebotes: 3),A. Barcello,A. Galan Pozo ,D. Kravic,L. Westermann,Y. Barrueta,D. Duscak,D. Shelist,M. Townes Villar,R. Cosialls Borras,R. Lobaco Muñoz
3,05:39,339,51,42,ALIMERKA OVIEDO BALONCESTO,D. Shelist,2PT Missed,(ALIMERKA OVIEDO BALONCESTO) D. SHELIST: TIRO DE 2 FALLADO,A. Barcello,A. Galan Pozo ,D. Kravic,L. Westermann,Y. Barrueta,D. Duscak,D. Shelist,M. Townes Villar,R. Cosialls Borras,R. Lobaco Muñoz
3,05:31,331,51,42,ALIMERKA OVIEDO BALONCESTO,M. Townes Villar,Substitution Out,(ALIMERKA OVIEDO BALONCESTO) M. TOWNES VILLAR: Sustitución (Sale de pista),A. Barcello,A. Galan Pozo ,D. Kravic,L. Westermann,Y. Barrueta,D. Duscak,D. Shelist,R. Cosialls Borras,R. Lobaco Muñoz,
3,05:31,331,51,42,ALIMERKA OVIEDO BALONCESTO,D. Duscak,Substitution Out,(ALIMERKA OVIEDO BALONCESTO) D. DUSCAK: Sustitución (Sale de pista),A. Barcello,A. Galan Pozo ,D. Kravic,L. Westermann,Y. Barrueta,D. Shelist,R. Cosialls Borras,R. Lobaco Muñoz,,
3,05:31,331,51,42,ALIMERKA OVIEDO BALONCESTO,P. Gonzalez Longarela,Substitution In,(ALIMERKA OVIEDO BALONCESTO) P. GONZALEZ LONGARELA: Sustitución (Entra a pista),A. Barcello,A. Galan Pozo ,D. Kravic,L. Westermann,Y. Barrueta,D. Shelist,P. Gonzalez Longarela,R. Cosialls Borras,R. Lobaco Muñoz,
3,05:31,331,51,42,ALIMERKA OVIEDO BALONCESTO,G. Parham Ii,Substitution In,(ALIMERKA OVIEDO BALONCESTO) G. PARHAM II: Sustitución (Entra a pista),A. Barcello,A. Galan Pozo ,D. Kravic,L. Westermann,Y. Barrueta,D. Shelist,G. Parham Ii,P. Gonzalez Longarela,R. Cosialls Borras,R. Lobaco Muñoz
3,05:31,331,51,42,ALIMERKA OVIEDO BALONCESTO,D. Duscak,Foul,(ALIMERKA OVIEDO BALONCESTO) D. DUSCAK: FALTA Personal (Faltas: 3. Faltas de equipo: 15). Tiros libres: 0,A. Barcello,A. Galan Pozo ,D. Kravic,L. Westermann,Y. Barrueta,D. Shelist,G. Parham Ii,P. Gonzalez Longarela,R. Cosialls Borras,R. Lobaco Muñoz
3,05:21,321,51,42,ALIMERKA OVIEDO BALONCESTO,P. Gonzalez Longarela,Foul,(ALIMERKA OVIEDO BALONCESTO) P. GONZALEZ LONGARELA: FALTA Personal (Faltas: 3. Faltas de equipo: 16). Tiros libres: 0,A. Barcello,A. Galan Pozo ,D. Kravic,L. Westermann,Y. Barrueta,D. Shelist,G. Parham Ii,P. Gonzalez Longarela,R. Cosialls Borras,R. Lobaco Muñoz
3,05:16,316,51,42,MONBUS OBRADOIRO,A. Galan Pozo ,Turnover,(MONBUS OBRADOIRO) A. GALAN POZO : PÉRDIDA (Pérdidas: 1),A. Barcello,A. Galan Pozo ,D. Kravic,L. Westermann,Y. Barrueta,D. Shelist,G. Parham Ii,P. Gonzalez Longarela,R. Cosialls Borras,R. Lobaco Muñoz
3,05:16,316,51,42,MONBUS OBRADOIRO,A. Galan Pozo ,Foul,(MONBUS OBRADOIRO) A. GALAN POZO : FALTA Ofensiva (Faltas: 1. Faltas de equipo: 15). Tiros libres: 0,A. Barcello,A. Galan Pozo ,D. Kravic,L. Westermann,Y. Barrueta,D. Shelist,G. Parham Ii,P. Gonzalez Longarela,R. Cosialls Borras,R. Lobaco Muñoz
3,04:52,292,51,45,ALIMERKA OVIEDO BALONCESTO,R. Lobaco Muñoz,3PT Made,(ALIMERKA OVIEDO BALONCESTO) R. LOBACO MUÑOZ: TIRO DE 3 ANOTADO (Puntos: 8),A. Barcello,A. Galan Pozo ,D. Kravic,L. Westermann,Y. Barrueta,D. Shelist,G. Parham Ii,P. Gonzalez Longarela,R. Cosialls Borras,R. Lobaco Muñoz
3,04:52,292,51,45,ALIMERKA OVIEDO BALONCESTO,D. Shelist,Assist,(ALIMERKA OVIEDO BALONCESTO) D. SHELIST: ASISTENCIA (Asistencias: 2),A. Barcello,A. Galan Pozo ,D. Kravic,L. Westermann,Y. Barrueta,D. Shelist,G. Parham Ii,P. Gonzalez Longarela,R. Cosialls Borras,R. Lobaco Muñoz
3,04:36,276,54,45,MONBUS OBRADOIRO,Y. Barrueta,3PT Made,(MONBUS OBRADOIRO) Y. BARRUETA: TIRO DE 3 ANOTADO (Puntos: 6),A. Barcello,A. Galan Pozo ,D. Kravic,L. Westermann,Y. Barrueta,D. Shelist,G. Parham Ii,P. Gonzalez Longarela,R. Cosialls Borras,R. Lobaco Muñoz
3,04:36,276,54,45,MONBUS OBRADOIRO,L. Westermann,Assist,(MONBUS OBRADOIRO) L. WESTERMANN: ASISTENCIA (Asistencias: 3),A. Barcello,A. Galan Pozo ,D. Kravic,L. Westermann,Y. Barrueta,D. Shelist,G. Parham Ii,P. Gonzalez Longarela,R. Cosialls Borras,R. Lobaco Muñoz
3,04:23,263,54,45,ALIMERKA OVIEDO BALONCESTO,Rebote (Rebotes,Rebound,(ALIMERKA OVIEDO BALONCESTO) REBOTE (Rebotes: 24),A. Barcello,A. Galan Pozo ,D. Kravic,L. Westermann,Y. Barrueta,D. Shelist,G. Parham Ii,P. Gonzalez Longarela,R. Cosialls Borras,R. Lobaco Muñoz
3,04:23,263,54,45,ALIMERKA OVIEDO BALONCESTO,G. Parham Ii,3PT Missed,(ALIMERKA OVIEDO BALONCESTO) G. PARHAM II: TIRO DE 3 FALLADO,A. Barcello,A. Galan Pozo ,D. Kravic,L. Westermann,Y. Barrueta,D. Shelist,G. Parham Ii,P. Gonzalez Longarela,R. Cosialls Borras,R. Lobaco Muñoz
3,04:22,262,54,45,MONBUS OBRADOIRO,Y. Barrueta,Substitution Out,(MONBUS OBRADOIRO) Y. BARRUETA: Sustitución (Sale de pista),A. Barcello,A. Galan Pozo ,D. Kravic,L. Westermann,,D. Shelist,G. Parham Ii,P. Gonzalez Longarela,R. Cosialls Borras,R. Lobaco Muñoz
3,04:22,262,54,45,ALIMERKA OVIEDO BALONCESTO,D. Shelist,Substitution Out,(ALIMERKA OVIEDO BALONCESTO) D. SHELIST: Sustitución (Sale de pista),A. Barcello,A. Galan Pozo ,D. Kravic,L. Westermann,,G. Parham Ii,P. Gonzalez Longarela,R. Cosialls Borras,R. Lobaco Muñoz,
3,04:22,262,54,45,MONBUS OBRADOIRO,D. De Sousa Anjo Brito,Substitution In,(MONBUS OBRADOIRO) D. DE SOUSA ANJO BRITO: Sustitución (Entra a pista),A. Barcello,A. Galan Pozo ,D. De Sousa Anjo Brito,D. Kravic,L. Westermann,G. Parham Ii,P. Gonzalez Longarela,R. Cosialls Borras,R. Lobaco Muñoz,
3,04:22,262,54,45,ALIMERKA OVIEDO BALONCESTO,F. Nwaokorie,Substitution In,(ALIMERKA OVIEDO BALONCESTO) F. NWAOKORIE: Sustitución (Entra a pista),A. Barcello,A. Galan Pozo ,D. De Sousa Anjo Brito,D. Kravic,L. Westermann,F. Nwaokorie,G. Parham Ii,P. Gonzalez Longarela,R. Cosialls Borras,R. Lobaco Muñoz
3,04:22,262,54,45,MONBUS OBRADOIRO,Y. Barrueta,Foul,(MONBUS OBRADOIRO) Y. BARRUETA: FALTA Personal (Faltas: 3. Faltas de equipo: 16). Tiros libres: 0,A. Barcello,A. Galan Pozo ,D. De Sousa Anjo Brito,D. Kravic,L. Westermann,F. Nwaokorie,G. Parham Ii,P. Gonzalez Longarela,R. Cosialls Borras,R. Lobaco Muñoz
3,04:11,251,54,45,MONBUS OBRADOIRO,Rebote (Rebotes,Rebound,(MONBUS OBRADOIRO) REBOTE (Rebotes: 16),A. Barcello,A. Galan Pozo ,D. De Sousa Anjo Brito,D. Kravic,L. Westermann,F. Nwaokorie,G. Parham Ii,P. Gonzalez Longarela,R. Cosialls Borras,R. Lobaco Muñoz
3,04:11,251,54,45,ALIMERKA OVIEDO BALONCESTO,P. Gonzalez Longarela,3PT Missed,(ALIMERKA OVIEDO BALONCESTO) P. GONZALEZ LONGARELA: TIRO DE 3 FALLADO,A. Barcello,A. Galan Pozo ,D. De Sousa Anjo Brito,D. Kravic,L. Westermann,F. Nwaokorie,G. Parham Ii,P. Gonzalez Longarela,R. Cosialls Borras,R. Lobaco Muñoz
3,04:00,240,54,45,ALIMERKA OVIEDO BALONCESTO,R. Cosialls Borras,Rebound,(ALIMERKA OVIEDO BALONCESTO) R. COSIALLS BORRAS: REBOTE (Rebotes: 6),A. Barcello,A. Galan Pozo ,D. De Sousa Anjo Brito,D. Kravic,L. Westermann,F. Nwaokorie,G. Parham Ii,P. Gonzalez Longarela,R. Cosialls Borras,R. Lobaco Muñoz
3,04:00,240,54,45,MONBUS OBRADOIRO,L. Westermann,2PT Missed,(MONBUS OBRADOIRO) L. WESTERMANN: TIRO DE 2 FALLADO,A. Barcello,A. Galan Pozo ,D. De Sousa Anjo Brito,D. Kravic,L. Westermann,F. Nwaokorie,G. Parham Ii,P. Gonzalez Longarela,R. Cosialls Borras,R. Lobaco Muñoz
3,03:54,234,54,46,ALIMERKA OVIEDO BALONCESTO,G. Parham Ii,FT Made,(ALIMERKA OVIEDO BALONCESTO) G. PARHAM II: TIRO DE 1 ANOTADO (Puntos: 7),A. Barcello,A. Galan Pozo ,D. De Sousa Anjo Brito,D. Kravic,L. Westermann,F. Nwaokorie,G. Parham Ii,P. Gonzalez Longarela,R. Cosialls Borras,R. Lobaco Muñoz
3,03:54,234,54,47,ALIMERKA OVIEDO BALONCESTO,G. Parham Ii,FT Made,(ALIMERKA OVIEDO BALONCESTO) G. PARHAM II: TIRO DE 1 ANOTADO (Puntos: 8),A. Barcello,A. Galan Pozo ,D. De Sousa Anjo Brito,D. Kravic,L. Westermann,F. Nwaokorie,G. Parham Ii,P. Gonzalez Longarela,R. Cosialls Borras,R. Lobaco Muñoz
3,03:54,234,54,47,MONBUS OBRADOIRO,L. Westermann,Substitution Out,(MONBUS OBRADOIRO) L. WESTERMANN: Sustitución (Sale de pista),A. Barcello,A. Galan Pozo ,D. De Sousa Anjo Brito,D. Kravic,,F. Nwaokorie,G. Parham Ii,P. Gonzalez Longarela,R. Cosialls Borras,R. Lobaco Muñoz
3,03:54,234,54,47,ALIMERKA OVIEDO BALONCESTO,R. Lobaco Muñoz,Substitution Out,(ALIMERKA OVIEDO BALONCESTO) R. LOBACO MUÑOZ: Sustitución (Sale de pista),A. Barcello,A. Galan Pozo ,D. De Sousa Anjo Brito,D. Kravic,,F. Nwaokorie,G. Parham Ii,P. Gonzalez Longarela,R. Cosialls Borras,
3,03:54,234,54,47,MONBUS OBRADOIRO,A. Barcello,Substitution Out,(MONBUS OBRADOIRO) A. BARCELLO: Sustitución (Sale de pista),A. Galan Pozo ,D. De Sousa Anjo Brito,D. Kravic,,,F. Nwaokorie,G. Parham Ii,P. Gonzalez Longarela,R. Cosialls Borras,
3,03:54,234,54,47,MONBUS OBRADOIRO,M. Speight,Substitution In,(MONBUS OBRADOIRO) M. SPEIGHT: Sustitución (Entra a pista),A. Galan Pozo ,D. De Sousa Anjo Brito,D. Kravic,M. Speight,,F. Nwaokorie,G. Parham Ii,P. Gonzalez Longarela,R. Cosialls Borras,
3,03:54,234,54,47,ALIMERKA OVIEDO BALONCESTO,M. Townes Villar,Substitution In,(ALIMERKA OVIEDO BALONCESTO) M. TOWNES VILLAR: Sustitución (Entra a pista),A. Galan Pozo ,D. De Sousa Anjo Brito,D. Kravic,M. Speight,,F. Nwaokorie,G. Parham Ii,M. Townes Villar,P. Gonzalez Longarela,R. Cosialls Borras
3,03:54,234,54,47,MONBUS OBRADOIRO,S. Quintela Salvador,Substitution In,(MONBUS OBRADOIRO) S. QUINTELA SALVADOR: Sustitución (Entra a pista),A. Galan Pozo ,D. De Sousa Anjo Brito,D. Kravic,M. Speight,S. Quintela Salvador,F. Nwaokorie,G. Parham Ii,M. Townes Villar,P. Gonzalez Longarela,R. Cosialls Borras
3,03:54,234,54,47,MONBUS OBRADOIRO,L. Westermann,Foul,(MONBUS OBRADOIRO) L. WESTERMANN: FALTA Personal (Faltas: 3. Faltas de equipo: 17). Tiros libres: 2,A. Galan Pozo ,D. De Sousa Anjo Brito,D. Kravic,M. Speight,S. Quintela Salvador,F. Nwaokorie,G. Parham Ii,M. Townes Villar,P. Gonzalez Longarela,R. Cosialls Borras
3,03:38,218,55,47,MONBUS OBRADOIRO,D. De Sousa Anjo Brito,FT Made,(MONBUS OBRADOIRO) D. DE SOUSA ANJO BRITO: TIRO DE 1 ANOTADO (Puntos: 6),A. Galan Pozo ,D. De Sousa Anjo Brito,D. Kravic,M. Speight,S. Quintela Salvador,F. Nwaokorie,G. Parham Ii,M. Townes Villar,P. Gonzalez Longarela,R. Cosialls Borras
3,03:38,218,55,47,ALIMERKA OVIEDO BALONCESTO,R. Cosialls Borras,Rebound,(ALIMERKA OVIEDO BALONCESTO) R. COSIALLS BORRAS: REBOTE (Rebotes: 7),A. Galan Pozo ,D. De Sousa Anjo Brito,D. Kravic,M. Speight,S. Quintela Salvador,F. Nwaokorie,G. Parham Ii,M. Townes Villar,P. Gonzalez Longarela,R. Cosialls Borras
3,03:38,218,55,47,MONBUS OBRADOIRO,D. De Sousa Anjo Brito,FT Missed,(MONBUS OBRADOIRO) D. DE SOUSA ANJO BRITO: TIRO DE 1 FALLADO,A. Galan Pozo ,D. De Sousa Anjo Brito,D. Kravic,M. Speight,S. Quintela Salvador,F. Nwaokorie,G. Parham Ii,M. Townes Villar,P. Gonzalez Longarela,R. Cosialls Borras
3,03:38,218,55,47,ALIMERKA OVIEDO BALONCESTO,F. Nwaokorie,Foul,(ALIMERKA OVIEDO BALONCESTO) F. NWAOKORIE: FALTA Personal (Faltas: 1. Faltas de equipo: 17). Tiros libres: 2,A. Galan Pozo ,D. De Sousa Anjo Brito,D. Kravic,M. Speight,S. Quintela Salvador,F. Nwaokorie,G. Parham Ii,M. Townes Villar,P. Gonzalez Longarela,R. Cosialls Borras
3,03:19,199,55,47,MONBUS OBRADOIRO,D. Kravic,Rebound,(MONBUS OBRADOIRO) D. KRAVIC: REBOTE (Rebotes: 4),A. Galan Pozo ,D. De Sousa Anjo Brito,D. Kravic,M. Speight,S. Quintela Salvador,F. Nwaokorie,G. Parham Ii,M. Townes Villar,P. Gonzalez Longarela,R. Cosialls Borras
3,03:19,199,55,47,ALIMERKA OVIEDO BALONCESTO,G. Parham Ii,2PT Missed,(ALIMERKA OVIEDO BALONCESTO) G. PARHAM II: TIRO DE 2 FALLADO,A. Galan Pozo ,D. De Sousa Anjo Brito,D. Kravic,M. Speight,S. Quintela Salvador,F. Nwaokorie,G. Parham Ii,M. Townes Villar,P. Gonzalez Longarela,R. Cosialls Borras
3,03:08,188,56,47,MONBUS OBRADOIRO,A. Galan Pozo ,FT Made,(MONBUS OBRADOIRO) A. GALAN POZO : TIRO DE 1 ANOTADO (Puntos: 11),A. Galan Pozo ,D. De Sousa Anjo Brito,D. Kravic,M. Speight,S. Quintela Salvador,F. Nwaokorie,G. Parham Ii,M. Townes Villar,P. Gonzalez Longarela,R. Cosialls Borras
3,03:08,188,57,47,MONBUS OBRADOIRO,A. Galan Pozo ,FT Made,(MONBUS OBRADOIRO) A. GALAN POZO : TIRO DE 1 ANOTADO (Puntos: 12),A. Galan Pozo ,D. De Sousa Anjo Brito,D. Kravic,M. Speight,S. Quintela Salvador,F. Nwaokorie,G. Parham Ii,M. Townes Villar,P. Gonzalez Longarela,R. Cosialls Borras
3,03:08,188,57,47,MONBUS OBRADOIRO,A. Galan Pozo ,Substitution Out,(MONBUS OBRADOIRO) A. GALAN POZO : Sustitución (Sale de pista),D. De Sousa Anjo Brito,D. Kravic,M. Speight,S. Quintela Salvador,,F. Nwaokorie,G. Parham Ii,M. Townes Villar,P. Gonzalez Longarela,R. Cosialls Borras
3,03:08,188,57,47,ALIMERKA OVIEDO BALONCESTO,P. Gonzalez Longarela,Substitution Out,(ALIMERKA OVIEDO BALONCESTO) P. GONZALEZ LONGARELA: Sustitución (Sale de pista),D. De Sousa Anjo Brito,D. Kravic,M. Speight,S. Quintela Salvador,,F. Nwaokorie,G. Parham Ii,M. Townes Villar,R. Cosialls Borras,
3,03:08,188,57,47,MONBUS OBRADOIRO,R. Andersson,Substitution In,(MONBUS OBRADOIRO) R. ANDERSSON: Sustitución (Entra a pista),D. De Sousa Anjo Brito,D. Kravic,M. Speight,R. Andersson,S. Quintela Salvador,F. Nwaokorie,G. Parham Ii,M. Townes Villar,R. Cosialls Borras,
3,03:08,188,57,47,ALIMERKA OVIEDO BALONCESTO,R. Lobaco Muñoz,Substitution In,(ALIMERKA OVIEDO BALONCESTO) R. LOBACO MUÑOZ: Sustitución (Entra a pista),D. De Sousa Anjo Brito,D. Kravic,M. Speight,R. Andersson,S. Quintela Salvador,F. Nwaokorie,G. Parham Ii,M. Townes Villar,R. Cosialls Borras,R. Lobaco Muñoz
3,03:08,188,57,47,ALIMERKA OVIEDO BALONCESTO,F. Nwaokorie,Foul,(ALIMERKA OVIEDO BALONCESTO) F. NWAOKORIE: FALTA Personal (Faltas: 2. Faltas de equipo: 18). Tiros libres: 2,D. De Sousa Anjo Brito,D. Kravic,M. Speight,R. Andersson,S. Quintela Salvador,F. Nwaokorie,G. Parham Ii,M. Townes Villar,R. Cosialls Borras,R. Lobaco Muñoz
3,02:47,167,57,47,MONBUS OBRADOIRO,S. Quintela Salvador,Steal,(MONBUS OBRADOIRO) S. QUINTELA SALVADOR: ROBO (Robos: 2),D. De Sousa Anjo Brito,D. Kravic,M. Speight,R. Andersson,S. Quintela Salvador,F. Nwaokorie,G. Parham Ii,M. Townes Villar,R. Cosialls Borras,R. Lobaco Muñoz
3,02:47,167,57,47,ALIMERKA OVIEDO BALONCESTO,R. Lobaco Muñoz,Turnover,(ALIMERKA OVIEDO BALONCESTO) R. LOBACO MUÑOZ: PÉRDIDA (Pérdidas: 1),D. De Sousa Anjo Brito,D. Kravic,M. Speight,R. Andersson,S. Quintela Salvador,F. Nwaokorie,G. Parham Ii,M. Townes Villar,R. Cosialls Borras,R. Lobaco Muñoz
3,02:44,164,58,47,MONBUS OBRADOIRO,S. Quintela Salvador,FT Made,(MONBUS OBRADOIRO) S. QUINTELA SALVADOR: TIRO DE 1 ANOTADO (Puntos: 3),D. De Sousa Anjo Brito,D. Kravic,M. Speight,R. Andersson,S. Quintela Salvador,F. Nwaokorie,G. Parham Ii,M. Townes Villar,R. Cosialls Borras,R. Lobaco Muñoz
3,02:44,164,59,47,MONBUS OBRADOIRO,S. Quintela Salvador,FT Made,(MONBUS OBRADOIRO) S. QUINTELA SALVADOR: TIRO DE 1 ANOTADO (Puntos: 4),D. De Sousa Anjo Brito,D. Kravic,M. Speight,R. Andersson,S. Quintela Salvador,F. Nwaokorie,G. Parham Ii,M. Townes Villar,R. Cosialls Borras,R. Lobaco Muñoz
3,02:44,164,59,47,ALIMERKA OVIEDO BALONCESTO,R. Lobaco Muñoz,Foul,(ALIMERKA OVIEDO BALONCESTO) R. LOBACO MUÑOZ: FALTA Personal (Faltas: 2. Faltas de equipo: 19). Tiros libres: 2,D. De Sousa Anjo Brito,D. Kravic,M. Speight,R. Andersson,S. Quintela Salvador,F. Nwaokorie,G. Parham Ii,M. Townes Villar,R. Cosialls Borras,R. Lobaco Muñoz
3,02:30,150,59,47,ALIMERKA OVIEDO BALONCESTO,R. Cosialls Borras,Rebound,(ALIMERKA OVIEDO BALONCESTO) R. COSIALLS BORRAS: REBOTE (Rebotes: 8),D. De Sousa Anjo Brito,D. Kravic,M. Speight,R. Andersson,S. Quintela Salvador,F. Nwaokorie,G. Parham Ii,M. Townes Villar,R. Cosialls Borras,R. Lobaco Muñoz
3,02:30,150,59,47,ALIMERKA OVIEDO BALONCESTO,F. Nwaokorie,3PT Missed,(ALIMERKA OVIEDO BALONCESTO) F. NWAOKORIE: TIRO DE 3 FALLADO,D. De Sousa Anjo Brito,D. Kravic,M. Speight,R. Andersson,S. Quintela Salvador,F. Nwaokorie,G. Parham Ii,M. Townes Villar,R. Cosialls Borras,R. Lobaco Muñoz
3,02:25,145,59,47,MONBUS OBRADOIRO,D. Kravic,Rebound,(MONBUS OBRADOIRO) D. KRAVIC: REBOTE (Rebotes: 5),D. De Sousa Anjo Brito,D. Kravic,M. Speight,R. Andersson,S. Quintela Salvador,F. Nwaokorie,G. Parham Ii,M. Townes Villar,R. Cosialls Borras,R. Lobaco Muñoz
3,02:25,145,59,47,ALIMERKA OVIEDO BALONCESTO,G. Parham Ii,3PT Missed,(ALIMERKA OVIEDO BALONCESTO) G. PARHAM II: TIRO DE 3 FALLADO,D. De Sousa Anjo Brito,D. Kravic,M. Speight,R. Andersson,S. Quintela Salvador,F. Nwaokorie,G. Parham Ii,M. Townes Villar,R. Cosialls Borras,R. Lobaco Muñoz
3,02:03,123,59,47,MONBUS OBRADOIRO,M. Speight,Rebound,(MONBUS OBRADOIRO) M. SPEIGHT: REBOTE (Rebotes: 3),D. De Sousa Anjo Brito,D. Kravic,M. Speight,R. Andersson,S. Quintela Salvador,F. Nwaokorie,G. Parham Ii,M. Townes Villar,R. Cosialls Borras,R. Lobaco Muñoz
3,02:03,123,59,47,MONBUS OBRADOIRO,S. Quintela Salvador,2PT Missed,(MONBUS OBRADOIRO) S. QUINTELA SALVADOR: TIRO DE 2 FALLADO,D. De Sousa Anjo Brito,D. Kravic,M. Speight,R. Andersson,S. Quintela Salvador,F. Nwaokorie,G. Parham Ii,M. Townes Villar,R. Cosialls Borras,R. Lobaco Muñoz
3,02:03,123,59,47,MONBUS OBRADOIRO,S. Quintela Salvador,Rebound,(MONBUS OBRADOIRO) S. QUINTELA SALVADOR: REBOTE (Rebotes: 2),D. De Sousa Anjo Brito,D. Kravic,M. Speight,R. Andersson,S. Quintela Salvador,F. Nwaokorie,G. Parham Ii,M. Townes Villar,R. Cosialls Borras,R. Lobaco Muñoz
3,02:03,123,59,47,MONBUS OBRADOIRO,D. Kravic,2PT Missed,(MONBUS OBRADOIRO) D. KRAVIC: TIRO DE 2 FALLADO,D. De Sousa Anjo Brito,D. Kravic,M. Speight,R. Andersson,S. Quintela Salvador,F. Nwaokorie,G. Parham Ii,M. Townes Villar,R. Cosialls Borras,R. Lobaco Muñoz
3,01:51,111,59,47,MONBUS OBRADOIRO,M. Speight,Rebound,(MONBUS OBRADOIRO) M. SPEIGHT: REBOTE (Rebotes: 4),D. De Sousa Anjo Brito,D. Kravic,M. Speight,R. Andersson,S. Quintela Salvador,F. Nwaokorie,G. Parham Ii,M. Townes Villar,R. Cosialls Borras,R. Lobaco Muñoz
3,01:51,111,59,47,MONBUS OBRADOIRO,R. Andersson,3PT Missed,(MONBUS OBRADOIRO) R. ANDERSSON: TIRO DE 3 FALLADO,D. De Sousa Anjo Brito,D. Kravic,M. Speight,R. Andersson,S. Quintela Salvador,F. Nwaokorie,G. Parham Ii,M. Townes Villar,R. Cosialls Borras,R. Lobaco Muñoz
3,01:38,98,61,47,MONBUS OBRADOIRO,S. Quintela Salvador,2PT Made,(MONBUS OBRADOIRO) S. QUINTELA SALVADOR: TIRO DE 2 ANOTADO (Puntos: 6),D. De Sousa Anjo Brito,D. Kravic,M. Speight,R. Andersson,S. Quintela Salvador,F. Nwaokorie,G. Parham Ii,M. Townes Villar,R. Cosialls Borras,R. Lobaco Muñoz
3,01:38,98,61,47,ALIMERKA OVIEDO BALONCESTO,R. Cosialls Borras,Substitution Out,(ALIMERKA OVIEDO BALONCESTO) R. COSIALLS BORRAS: Sustitución (Sale de pista),D. De Sousa Anjo Brito,D. Kravic,M. Speight,R. Andersson,S. Quintela Salvador,F. Nwaokorie,G. Parham Ii,M. Townes Villar,R. Lobaco Muñoz,
3,01:38,98,61,47,ALIMERKA OVIEDO BALONCESTO,G. Parham Ii,Substitution Out,(ALIMERKA OVIEDO BALONCESTO) G. PARHAM II: Sustitución (Sale de pista),D. De Sousa Anjo Brito,D. Kravic,M. Speight,R. Andersson,S. Quintela Salvador,F. Nwaokorie,M. Townes Villar,R. Lobaco Muñoz,,
3,01:38,98,61,47,ALIMERKA OVIEDO BALONCESTO,A. Faure Ribes,Substitution In,(ALIMERKA OVIEDO BALONCESTO) A. FAURE RIBES: Sustitución (Entra a pista),D. De Sousa Anjo Brito,D. Kravic,M. Speight,R. Andersson,S. Quintela Salvador,A. Faure Ribes,F. Nwaokorie,M. Townes Villar,R. Lobaco Muñoz,
3,01:38,98,61,47,ALIMERKA OVIEDO BALONCESTO,F. Copes,Substitution In,(ALIMERKA OVIEDO BALONCESTO) F. COPES: Sustitución (Entra a pista),D. De Sousa Anjo Brito,D. Kravic,M. Speight,R. Andersson,S. Quintela Salvador,A. Faure Ribes,F. Copes,F. Nwaokorie,M. Townes Villar,R. Lobaco Muñoz
3,01:38,98,61,47,ALIMERKA OVIEDO BALONCESTO,,Timeout,(ALIMERKA OVIEDO BALONCESTO) Tiempo muerto,D. De Sousa Anjo Brito,D. Kravic,M. Speight,R. Andersson,S. Quintela Salvador,A. Faure Ribes,F. Copes,F. Nwaokorie,M. Townes Villar,R. Lobaco Muñoz
3,01:20,80,61,49,ALIMERKA OVIEDO BALONCESTO,M. Townes Villar,2PT Made,(ALIMERKA OVIEDO BALONCESTO) M. TOWNES VILLAR: TIRO DE 2 ANOTADO (Puntos: 10),D. De Sousa Anjo Brito,D. Kravic,M. Speight,R. Andersson,S. Quintela Salvador,A. Faure Ribes,F. Copes,F. Nwaokorie,M. Townes Villar,R. Lobaco Muñoz
3,01:01,61,63,49,MONBUS OBRADOIRO,D. Kravic,2PT Made,(MONBUS OBRADOIRO) D. KRAVIC: TIRO DE 2 ANOTADO (Puntos: 6),D. De Sousa Anjo Brito,D. Kravic,M. Speight,R. Andersson,S. Quintela Salvador,A. Faure Ribes,F. Copes,F. Nwaokorie,M. Townes Villar,R. Lobaco Muñoz
3,01:01,61,63,49,MONBUS OBRADOIRO,D. De Sousa Anjo Brito,Assist,(MONBUS OBRADOIRO) D. DE SOUSA ANJO BRITO: ASISTENCIA (Asistencias: 1),D. De Sousa Anjo Brito,D. Kravic,M. Speight,R. Andersson,S. Quintela Salvador,A. Faure Ribes,F. Copes,F. Nwaokorie,M. Townes Villar,R. Lobaco Muñoz
3,00:49,49,63,49,MONBUS OBRADOIRO,R. Andersson,Block,(MONBUS OBRADOIRO) R. ANDERSSON: TAPÓN (Tapones: 1),D. De Sousa Anjo Brito,D. Kravic,M. Speight,R. Andersson,S. Quintela Salvador,A. Faure Ribes,F. Copes,F. Nwaokorie,M. Townes Villar,R. Lobaco Muñoz
3,00:49,49,63,49,MONBUS OBRADOIRO,R. Andersson,Rebound,(MONBUS OBRADOIRO) R. ANDERSSON: REBOTE (Rebotes: 3),D. De Sousa Anjo Brito,D. Kravic,M. Speight,R. Andersson,S. Quintela Salvador,A. Faure Ribes,F. Copes,F. Nwaokorie,M. Townes Villar,R. Lobaco Muñoz
3,00:49,49,63,49,ALIMERKA OVIEDO BALONCESTO,F. Copes,2PT Missed,(ALIMERKA OVIEDO BALONCESTO) F. COPES: TIRO DE 2 FALLADO,D. De Sousa Anjo Brito,D. Kravic,M. Speight,R. Andersson,S. Quintela Salvador,A. Faure Ribes,F. Copes,F. Nwaokorie,M. Townes Villar,R. Lobaco Muñoz
3,00:44,44,63,49,MONBUS OBRADOIRO,D. De Sousa Anjo Brito,Steal,(MONBUS OBRADOIRO) D. DE SOUSA ANJO BRITO: ROBO (Robos: 1),D. De Sousa Anjo Brito,D. Kravic,M. Speight,R. Andersson,S. Quintela Salvador,A. Faure Ribes,F. Copes,F. Nwaokorie,M. Townes Villar,R. Lobaco Muñoz
3,00:44,44,63,49,ALIMERKA OVIEDO BALONCESTO,A. Faure Ribes,Turnover,(ALIMERKA OVIEDO BALONCESTO) A. FAURE RIBES: PÉRDIDA (Pérdidas: 3),D. De Sousa Anjo Brito,D. Kravic,M. Speight,R. Andersson,S. Quintela Salvador,A. Faure Ribes,F. Copes,F. Nwaokorie,M. Townes Villar,R. Lobaco Muñoz
3,00:40,40,64,49,MONBUS OBRADOIRO,D. De Sousa Anjo Brito,FT Made,(MONBUS OBRADOIRO) D. DE SOUSA ANJO BRITO: TIRO DE 1 ANOTADO (Puntos: 7),D. De Sousa Anjo Brito,D. Kravic,M. Speight,R. Andersson,S. Quintela Salvador,A. Faure Ribes,F. Copes,F. Nwaokorie,M. Townes Villar,R. Lobaco Muñoz
3,00:40,40,64,49,ALIMERKA OVIEDO BALONCESTO,M. Townes Villar,Substitution Out,(ALIMERKA OVIEDO BALONCESTO) M. TOWNES VILLAR: Sustitución (Sale de pista),D. De Sousa Anjo Brito,D. Kravic,M. Speight,R. Andersson,S. Quintela Salvador,A. Faure Ribes,F. Copes,F. Nwaokorie,R. Lobaco Muñoz,
3,00:40,40,64,49,ALIMERKA OVIEDO BALONCESTO,D. Duscak,Substitution In,(ALIMERKA OVIEDO BALONCESTO) D. DUSCAK: Sustitución (Entra a pista),D. De Sousa Anjo Brito,D. Kravic,M. Speight,R. Andersson,S. Quintela Salvador,A. Faure Ribes,D. Duscak,F. Copes,F. Nwaokorie,R. Lobaco Muñoz
3,00:40,40,64,49,ALIMERKA OVIEDO BALONCESTO,Rebote (Rebotes,Rebound,(ALIMERKA OVIEDO BALONCESTO) REBOTE (Rebotes: 27),D. De Sousa Anjo Brito,D. Kravic,M. Speight,R. Andersson,S. Quintela Salvador,A. Faure Ribes,D. Duscak,F. Copes,F. Nwaokorie,R. Lobaco Muñoz
3,00:40,40,64,49,MONBUS OBRADOIRO,D. De Sousa Anjo Brito,FT Missed,(MONBUS OBRADOIRO) D. DE SOUSA ANJO BRITO: TIRO DE 1 FALLADO,D. De Sousa Anjo Brito,D. Kravic,M. Speight,R. Andersson,S. Quintela Salvador,A. Faure Ribes,D. Duscak,F. Copes,F. Nwaokorie,R. Lobaco Muñoz
3,00:40,40,64,49,ALIMERKA OVIEDO BALONCESTO,M. Townes Villar,Foul,(ALIMERKA OVIEDO BALONCESTO) M. TOWNES VILLAR: FALTA Personal (Faltas: 3. Faltas de equipo: 20). Tiros libres: 2,D. De Sousa Anjo Brito,D. Kravic,M. Speight,R. Andersson,S. Quintela Salvador,A. Faure Ribes,D. Duscak,F. Copes,F. Nwaokorie,R. Lobaco Muñoz
3,00:32,32,64,52,ALIMERKA OVIEDO BALONCESTO,R. Lobaco Muñoz,3PT Made,(ALIMERKA OVIEDO BALONCESTO) R. LOBACO MUÑOZ: TIRO DE 3 ANOTADO (Puntos: 11),D. De Sousa Anjo Brito,D. Kravic,M. Speight,R. Andersson,S. Quintela Salvador,A. Faure Ribes,D. Duscak,F. Copes,F. Nwaokorie,R. Lobaco Muñoz
3,00:32,32,64,53,ALIMERKA OVIEDO BALONCESTO,F. Nwaokorie,FT Made,(ALIMERKA OVIEDO BALONCESTO) F. NWAOKORIE: TIRO DE 1 ANOTADO (Puntos: 5),D. De Sousa Anjo Brito,D. Kravic,M. Speight,R. Andersson,S. Quintela Salvador,A. Faure Ribes,D. Duscak,F. Copes,F. Nwaokorie,R. Lobaco Muñoz
3,00:32,32,64,54,ALIMERKA OVIEDO BALONCESTO,F. Nwaokorie,FT Made,(ALIMERKA OVIEDO BALONCESTO) F. NWAOKORIE: TIRO DE 1 ANOTADO (Puntos: 6),D. De Sousa Anjo Brito,D. Kravic,M. Speight,R. Andersson,S. Quintela Salvador,A. Faure Ribes,D. Duscak,F. Copes,F. Nwaokorie,R. Lobaco Muñoz
3,00:32,32,64,54,ALIMERKA OVIEDO BALONCESTO,D. Duscak,Substitution Out,(ALIMERKA OVIEDO BALONCESTO) D. DUSCAK: Sustitución (Sale de pista),D. De Sousa Anjo Brito,D. Kravic,M. Speight,R. Andersson,S. Quintela Salvador,A. Faure Ribes,F. Copes,F. Nwaokorie,R. Lobaco Muñoz,
3,00:32,32,64,54,ALIMERKA OVIEDO BALONCESTO,A. Faure Ribes,Substitution Out,(ALIMERKA OVIEDO BALONCESTO) A. FAURE RIBES: Sustitución (Sale de pista),D. De Sousa Anjo Brito,D. Kravic,M. Speight,R. Andersson,S. Quintela Salvador,F. Copes,F. Nwaokorie,R. Lobaco Muñoz,,
3,00:32,32,64,54,ALIMERKA OVIEDO BALONCESTO,G. Parham Ii,Substitution In,(ALIMERKA OVIEDO BALONCESTO) G. PARHAM II: Sustitución (Entra a pista),D. De Sousa Anjo Brito,D. Kravic,M. Speight,R. Andersson,S. Quintela Salvador,F. Copes,F. Nwaokorie,G. Parham Ii,R. Lobaco Muñoz,
3,00:32,32,64,54,ALIMERKA OVIEDO BALONCESTO,D. Shelist,Substitution In,(ALIMERKA OVIEDO BALONCESTO) D. SHELIST: Sustitución (Entra a pista),D. De Sousa Anjo Brito,D. Kravic,M. Speight,R. Andersson,S. Quintela Salvador,D. Shelist,F. Copes,F. Nwaokorie,G. Parham Ii,R. Lobaco Muñoz
3,00:32,32,64,54,MONBUS OBRADOIRO,R. Andersson,Foul,(MONBUS OBRADOIRO) R. ANDERSSON: FALTA Personal (Faltas: 1. Faltas de equipo: 18). Tiros libres: 2,D. De Sousa Anjo Brito,D. Kravic,M. Speight,R. Andersson,S. Quintela Salvador,D. Shelist,F. Copes,F. Nwaokorie,G. Parham Ii,R. Lobaco Muñoz
3,00:32,32,64,54,ALIMERKA OVIEDO BALONCESTO,F. Copes,Assist,(ALIMERKA OVIEDO BALONCESTO) F. COPES: ASISTENCIA (Asistencias: 1),D. De Sousa Anjo Brito,D. Kravic,M. Speight,R. Andersson,S. Quintela Salvador,D. Shelist,F. Copes,F. Nwaokorie,G. Parham Ii,R. Lobaco Muñoz
3,00:07,7,64,54,ALIMERKA OVIEDO BALONCESTO,R. Lobaco Muñoz,Rebound,(ALIMERKA OVIEDO BALONCESTO) R. LOBACO MUÑOZ: REBOTE (Rebotes: 8),D. De Sousa Anjo Brito,D. Kravic,M. Speight,R. Andersson,S. Quintela Salvador,D. Shelist,F. Copes,F. Nwaokorie,G. Parham Ii,R. Lobaco Muñoz
3,00:07,7,64,54,MONBUS OBRADOIRO,D. De Sousa Anjo Brito,2PT Missed,(MONBUS OBRADOIRO) D. DE SOUSA ANJO BRITO: TIRO DE 2 FALLADO,D. De Sousa Anjo Brito,D. Kravic,M. Speight,R. Andersson,S. Quintela Salvador,D. Shelist,F. Copes,F. Nwaokorie,G. Parham Ii,R. Lobaco Muñoz
3,00:04,4,64,54,ALIMERKA OVIEDO BALONCESTO,R. Lobaco Muñoz,3PT Missed,(ALIMERKA OVIEDO BALONCESTO) R. LOBACO MUÑOZ: TIRO DE 3 FALLADO,D. De Sousa Anjo Brito,D. Kravic,M. Speight,R. Andersson,S. Quintela Salvador,D. Shelist,F. Copes,F. Nwaokorie,G. Parham Ii,R. Lobaco Muñoz
3,00:00,0,64,54,,,Period,Fin del Cuarto 3,D. De Sousa Anjo Brito,D. Kravic,M. Speight,R. Andersson,S. Quintela Salvador,D. Shelist,F. Copes,F. Nwaokorie,G. Parham Ii,R. Lobaco Muñoz
4,10:00,600,64,54,ALIMERKA OVIEDO BALONCESTO,G. Parham Ii,Substitution Out,(ALIMERKA OVIEDO BALONCESTO) G. PARHAM II: Sustitución (Sale de pista),D. De Sousa Anjo Brito,D. Kravic,M. Speight,R. Andersson,S. Quintela Salvador,D. Shelist,F. Copes,F. Nwaokorie,R. Lobaco Muñoz,
4,10:00,600,64,54,ALIMERKA OVIEDO BALONCESTO,D. Shelist,Substitution Out,(ALIMERKA OVIEDO BALONCESTO) D. SHELIST: Sustitución (Sale de pista),D. De Sousa Anjo Brito,D. Kravic,M. Speight,R. Andersson,S. Quintela Salvador,F. Copes,F. Nwaokorie,R. Lobaco Muñoz,,
4,10:00,600,64,54,ALIMERKA OVIEDO BALONCESTO,A. Faure Ribes,Substitution In,(ALIMERKA OVIEDO BALONCESTO) A. FAURE RIBES: Sustitución (Entra a pista),D. De Sousa Anjo Brito,D. Kravic,M. Speight,R. Andersson,S. Quintela Salvador,A. Faure Ribes,F. Copes,F. Nwaokorie,R. Lobaco Muñoz,
4,10:00,600,64,54,ALIMERKA OVIEDO BALONCESTO,D. Duscak,Substitution In,(ALIMERKA OVIEDO BALONCESTO) D. DUSCAK: Sustitución (Entra a pista),D. De Sousa Anjo Brito,D. Kravic,M. Speight,R. Andersson,S. Quintela Salvador,A. Faure Ribes,D. Duscak,F. Copes,F. Nwaokorie,R. Lobaco Muñoz
4,10:00,600,64,54,,,Period,Comienzo del Cuarto 4,D. De Sousa Anjo Brito,D. Kravic,M. Speight,R. Andersson,S. Quintela Salvador,A. Faure Ribes,D. Duscak,F. Copes,F. Nwaokorie,R. Lobaco Muñoz
4,09:46,586,64,56,ALIMERKA OVIEDO BALONCESTO,A. Faure Ribes,2PT Made,(ALIMERKA OVIEDO BALONCESTO) A. FAURE RIBES: MATE ANOTADO (Puntos: 2),D. De Sousa Anjo Brito,D. Kravic,M. Speight,R. Andersson,S. Quintela Salvador,A. Faure Ribes,D. Duscak,F. Copes,F. Nwaokorie,R. Lobaco Muñoz
4,09:46,586,64,56,ALIMERKA OVIEDO BALONCESTO,R. Lobaco Muñoz,Assist,(ALIMERKA OVIEDO BALONCESTO) R. LOBACO MUÑOZ: ASISTENCIA (Asistencias: 1),D. De Sousa Anjo Brito,D. Kravic,M. Speight,R. Andersson,S. Quintela Salvador,A. Faure Ribes,D. Duscak,F. Copes,F. Nwaokorie,R. Lobaco Muñoz
4,09:30,570,64,56,ALIMERKA OVIEDO BALONCESTO,F. Nwaokorie,Rebound,(ALIMERKA OVIEDO BALONCESTO) F. NWAOKORIE: REBOTE (Rebotes: 1),D. De Sousa Anjo Brito,D. Kravic,M. Speight,R. Andersson,S. Quintela Salvador,A. Faure Ribes,D. Duscak,F. Copes,F. Nwaokorie,R. Lobaco Muñoz
4,09:30,570,64,56,MONBUS OBRADOIRO,M. Speight,2PT Missed,(MONBUS OBRADOIRO) M. SPEIGHT: TIRO DE 2 FALLADO,D. De Sousa Anjo Brito,D. Kravic,M. Speight,R. Andersson,S. Quintela Salvador,A. Faure Ribes,D. Duscak,F. Copes,F. Nwaokorie,R. Lobaco Muñoz
4,09:07,547,64,56,MONBUS OBRADOIRO,D. Kravic,Substitution Out,(MONBUS OBRADOIRO) D. KRAVIC: Sustitución (Sale de pista),D. De Sousa Anjo Brito,M. Speight,R. Andersson,S. Quintela Salvador,,A. Faure Ribes,D. Duscak,F. Copes,F. Nwaokorie,R. Lobaco Muñoz
4,09:07,547,64,56,MONBUS OBRADOIRO,F. Dos Anjos De Paula,Substitution In,(MONBUS OBRADOIRO) F. DOS ANJOS DE PAULA: Sustitución (Entra a pista),D. De Sousa Anjo Brito,F. Dos Anjos De Paula,M. Speight,R. Andersson,S. Quintela Salvador,A. Faure Ribes,D. Duscak,F. Copes,F. Nwaokorie,R. Lobaco Muñoz
4,09:07,547,64,56,MONBUS OBRADOIRO,M. Speight,Foul,(MONBUS OBRADOIRO) M. SPEIGHT: FALTA Personal (Faltas: 2. Faltas de equipo: 19). Tiros libres: 0,D. De Sousa Anjo Brito,F. Dos Anjos De Paula,M. Speight,R. Andersson,S. Quintela Salvador,A. Faure Ribes,D. Duscak,F. Copes,F. Nwaokorie,R. Lobaco Muñoz
4,09:00,540,64,56,ALIMERKA OVIEDO BALONCESTO,Rebote (Rebotes,Rebound,(ALIMERKA OVIEDO BALONCESTO) REBOTE (Rebotes: 29),D. De Sousa Anjo Brito,F. Dos Anjos De Paula,M. Speight,R. Andersson,S. Quintela Salvador,A. Faure Ribes,D. Duscak,F. Copes,F. Nwaokorie,R. Lobaco Muñoz
4,09:00,540,64,56,ALIMERKA OVIEDO BALONCESTO,F. Nwaokorie,3PT Missed,(ALIMERKA OVIEDO BALONCESTO) F. NWAOKORIE: TIRO DE 3 FALLADO,D. De Sousa Anjo Brito,F. Dos Anjos De Paula,M. Speight,R. Andersson,S. Quintela Salvador,A. Faure Ribes,D. Duscak,F. Copes,F. Nwaokorie,R. Lobaco Muñoz
4,08:58,538,64,56,MONBUS OBRADOIRO,S. Quintela Salvador,Foul,(MONBUS OBRADOIRO) S. QUINTELA SALVADOR: FALTA Personal (Faltas: 2. Faltas de equipo: 20). Tiros libres: 0,D. De Sousa Anjo Brito,F. Dos Anjos De Paula,M. Speight,R. Andersson,S. Quintela Salvador,A. Faure Ribes,D. Duscak,F. Copes,F. Nwaokorie,R. Lobaco Muñoz
4,08:56,536,64,56,MONBUS OBRADOIRO,M. Speight,Steal,(MONBUS OBRADOIRO) M. SPEIGHT: ROBO (Robos: 2),D. De Sousa Anjo Brito,F. Dos Anjos De Paula,M. Speight,R. Andersson,S. Quintela Salvador,A. Faure Ribes,D. Duscak,F. Copes,F. Nwaokorie,R. Lobaco Muñoz
4,08:56,536,64,56,ALIMERKA OVIEDO BALONCESTO,F. Nwaokorie,Turnover,(ALIMERKA OVIEDO BALONCESTO) F. NWAOKORIE: PÉRDIDA (Pérdidas: 1),D. De Sousa Anjo Brito,F. Dos Anjos De Paula,M. Speight,R. Andersson,S. Quintela Salvador,A. Faure Ribes,D. Duscak,F. Copes,F. Nwaokorie,R. Lobaco Muñoz
4,08:53,533,66,56,MONBUS OBRADOIRO,M. Speight,2PT Made,(MONBUS OBRADOIRO) M. SPEIGHT: TIRO DE 2 ANOTADO (Puntos: 5),D. De Sousa Anjo Brito,F. Dos Anjos De Paula,M. Speight,R. Andersson,S. Quintela Salvador,A. Faure Ribes,D. Duscak,F. Copes,F. Nwaokorie,R. Lobaco Muñoz
4,08:53,533,67,56,MONBUS OBRADOIRO,M. Speight,FT Made,(MONBUS OBRADOIRO) M. SPEIGHT: TIRO DE 1 ANOTADO (Puntos: 6),D. De Sousa Anjo Brito,F. Dos Anjos De Paula,M. Speight,R. Andersson,S. Quintela Salvador,A. Faure Ribes,D. Duscak,F. Copes,F. Nwaokorie,R. Lobaco Muñoz
4,08:53,533,67,56,MONBUS OBRADOIRO,R. Andersson,Substitution Out,(MONBUS OBRADOIRO) R. ANDERSSON: Sustitución (Sale de pista),D. De Sousa Anjo Brito,F. Dos Anjos De Paula,M. Speight,S. Quintela Salvador,,A. Faure Ribes,D. Duscak,F. Copes,F. Nwaokorie,R. Lobaco Muñoz
4,08:53,533,67,56,MONBUS OBRADOIRO,A. Galan Pozo ,Substitution In,(MONBUS OBRADOIRO) A. GALAN POZO : Sustitución (Entra a pista),A. Galan Pozo ,D. De Sousa Anjo Brito,F. Dos Anjos De Paula,M. Speight,S. Quintela Salvador,A. Faure Ribes,D. Duscak,F. Copes,F. Nwaokorie,R. Lobaco Muñoz
4,08:53,533,67,56,ALIMERKA OVIEDO BALONCESTO,D. Duscak,Foul,(ALIMERKA OVIEDO BALONCESTO) D. DUSCAK: FALTA Personal (Faltas: 4. Faltas de equipo: 21). Tiros libres: 1,A. Galan Pozo ,D. De Sousa Anjo Brito,F. Dos Anjos De Paula,M. Speight,S. Quintela Salvador,A. Faure Ribes,D. Duscak,F. Copes,F. Nwaokorie,R. Lobaco Muñoz
4,08:43,523,67,56,ALIMERKA OVIEDO BALONCESTO,A. Faure Ribes,Rebound,(ALIMERKA OVIEDO BALONCESTO) A. FAURE RIBES: REBOTE (Rebotes: 3),A. Galan Pozo ,D. De Sousa Anjo Brito,F. Dos Anjos De Paula,M. Speight,S. Quintela Salvador,A. Faure Ribes,D. Duscak,F. Copes,F. Nwaokorie,R. Lobaco Muñoz
4,08:43,523,67,56,ALIMERKA OVIEDO BALONCESTO,D. Duscak,2PT Missed,(ALIMERKA OVIEDO BALONCESTO) D. DUSCAK: TIRO DE 2 FALLADO,A. Galan Pozo ,D. De Sousa Anjo Brito,F. Dos Anjos De Paula,M. Speight,S. Quintela Salvador,A. Faure Ribes,D. Duscak,F. Copes,F. Nwaokorie,R. Lobaco Muñoz
4,08:40,520,67,58,ALIMERKA OVIEDO BALONCESTO,A. Faure Ribes,2PT Made,(ALIMERKA OVIEDO BALONCESTO) A. FAURE RIBES: TIRO DE 2 ANOTADO (Puntos: 4),A. Galan Pozo ,D. De Sousa Anjo Brito,F. Dos Anjos De Paula,M. Speight,S. Quintela Salvador,A. Faure Ribes,D. Duscak,F. Copes,F. Nwaokorie,R. Lobaco Muñoz
4,08:29,509,67,58,ALIMERKA OVIEDO BALONCESTO,F. Copes,Substitution Out,(ALIMERKA OVIEDO BALONCESTO) F. COPES: Sustitución (Sale de pista),A. Galan Pozo ,D. De Sousa Anjo Brito,F. Dos Anjos De Paula,M. Speight,S. Quintela Salvador,A. Faure Ribes,D. Duscak,F. Nwaokorie,R. Lobaco Muñoz,
4,08:29,509,67,58,ALIMERKA OVIEDO BALONCESTO,D. Duscak,Substitution Out,(ALIMERKA OVIEDO BALONCESTO) D. DUSCAK: Sustitución (Sale de pista),A. Galan Pozo ,D. De Sousa Anjo Brito,F. Dos Anjos De Paula,M. Speight,S. Quintela Salvador,A. Faure Ribes,F. Nwaokorie,R. Lobaco Muñoz,,
4,08:29,509,67,58,ALIMERKA OVIEDO BALONCESTO,F. Nwaokorie,Substitution Out,(ALIMERKA OVIEDO BALONCESTO) F. NWAOKORIE: Sustitución (Sale de pista),A. Galan Pozo ,D. De Sousa Anjo Brito,F. Dos Anjos De Paula,M. Speight,S. Quintela Salvador,A. Faure Ribes,R. Lobaco Muñoz,,,
4,08:29,509,67,58,ALIMERKA OVIEDO BALONCESTO,M. Townes Villar,Substitution In,(ALIMERKA OVIEDO BALONCESTO) M. TOWNES VILLAR: Sustitución (Entra a pista),A. Galan Pozo ,D. De Sousa Anjo Brito,F. Dos Anjos De Paula,M. Speight,S. Quintela Salvador,A. Faure Ribes,M. Townes Villar,R. Lobaco Muñoz,,
4,08:29,509,67,58,ALIMERKA OVIEDO BALONCESTO,P. Gonzalez Longarela,Substitution In,(ALIMERKA OVIEDO BALONCESTO) P. GONZALEZ LONGARELA: Sustitución (Entra a pista),A. Galan Pozo ,D. De Sousa Anjo Brito,F. Dos Anjos De Paula,M. Speight,S. Quintela Salvador,A. Faure Ribes,M. Townes Villar,P. Gonzalez Longarela,R. Lobaco Muñoz,
4,08:29,509,67,58,ALIMERKA OVIEDO BALONCESTO,G. Parham Ii,Substitution In,(ALIMERKA OVIEDO BALONCESTO) G. PARHAM II: Sustitución (Entra a pista),A. Galan Pozo ,D. De Sousa Anjo Brito,F. Dos Anjos De Paula,M. Speight,S. Quintela Salvador,A. Faure Ribes,G. Parham Ii,M. Townes Villar,P. Gonzalez Longarela,R. Lobaco Muñoz
4,08:29,509,67,58,ALIMERKA OVIEDO BALONCESTO,F. Copes,Foul,(ALIMERKA OVIEDO BALONCESTO) F. COPES: FALTA Personal (Faltas: 3. Faltas de equipo: 22). Tiros libres: 0,A. Galan Pozo ,D. De Sousa Anjo Brito,F. Dos Anjos De Paula,M. Speight,S. Quintela Salvador,A. Faure Ribes,G. Parham Ii,M. Townes Villar,P. Gonzalez Longarela,R. Lobaco Muñoz
4,08:21,501,67,58,ALIMERKA OVIEDO BALONCESTO,Rebote (Rebotes,Rebound,(ALIMERKA OVIEDO BALONCESTO) REBOTE (Rebotes: 30),A. Galan Pozo ,D. De Sousa Anjo Brito,F. Dos Anjos De Paula,M. Speight,S. Quintela Salvador,A. Faure Ribes,G. Parham Ii,M. Townes Villar,P. Gonzalez Longarela,R. Lobaco Muñoz
4,08:21,501,67,58,MONBUS OBRADOIRO,M. Speight,2PT Missed,(MONBUS OBRADOIRO) M. SPEIGHT: TIRO DE 2 FALLADO,A. Galan Pozo ,D. De Sousa Anjo Brito,F. Dos Anjos De Paula,M. Speight,S. Quintela Salvador,A. Faure Ribes,G. Parham Ii,M. Townes Villar,P. Gonzalez Longarela,R. Lobaco Muñoz
4,08:01,481,67,58,MONBUS OBRADOIRO,M. Speight,Steal,(MONBUS OBRADOIRO) M. SPEIGHT: ROBO (Robos: 3),A. Galan Pozo ,D. De Sousa Anjo Brito,F. Dos Anjos De Paula,M. Speight,S. Quintela Salvador,A. Faure Ribes,G. Parham Ii,M. Townes Villar,P. Gonzalez Longarela,R. Lobaco Muñoz
4,08:01,481,67,58,ALIMERKA OVIEDO BALONCESTO,M. Townes Villar,Turnover,(ALIMERKA OVIEDO BALONCESTO) M. TOWNES VILLAR: PÉRDIDA (Pérdidas: 4),A. Galan Pozo ,D. De Sousa Anjo Brito,F. Dos Anjos De Paula,M. Speight,S. Quintela Salvador,A. Faure Ribes,G. Parham Ii,M. Townes Villar,P. Gonzalez Longarela,R. Lobaco Muñoz
4,07:55,475,69,58,MONBUS OBRADOIRO,A. Galan Pozo ,2PT Made,(MONBUS OBRADOIRO) A. GALAN POZO : MATE ANOTADO (Puntos: 14),A. Galan Pozo ,D. De Sousa Anjo Brito,F. Dos Anjos De Paula,M. Speight,S. Quintela Salvador,A. Faure Ribes,G. Parham Ii,M. Townes Villar,P. Gonzalez Longarela,R. Lobaco Muñoz
4,07:55,475,69,58,MONBUS OBRADOIRO,A. Galan Pozo ,Rebound,(MONBUS OBRADOIRO) A. GALAN POZO : REBOTE (Rebotes: 3),A. Galan Pozo ,D. De Sousa Anjo Brito,F. Dos Anjos De Paula,M. Speight,S. Quintela Salvador,A. Faure Ribes,G. Parham Ii,M. Townes Villar,P. Gonzalez Longarela,R. Lobaco Muñoz
4,07:55,475,69,58,MONBUS OBRADOIRO,S. Quintela Salvador,2PT Missed,(MONBUS OBRADOIRO) S. QUINTELA SALVADOR: TIRO DE 2 FALLADO,A. Galan Pozo ,D. De Sousa Anjo Brito,F. Dos Anjos De Paula,M. Speight,S. Quintela Salvador,A. Faure Ribes,G. Parham Ii,M. Townes Villar,P. Gonzalez Longarela,R. Lobaco Muñoz
4,07:40,460,69,58,MONBUS OBRADOIRO,A. Galan Pozo ,Rebound,(MONBUS OBRADOIRO) A. GALAN POZO : REBOTE (Rebotes: 4),A. Galan Pozo ,D. De Sousa Anjo Brito,F. Dos Anjos De Paula,M. Speight,S. Quintela Salvador,A. Faure Ribes,G. Parham Ii,M. Townes Villar,P. Gonzalez Longarela,R. Lobaco Muñoz
4,07:40,460,69,58,ALIMERKA OVIEDO BALONCESTO,P. Gonzalez Longarela,3PT Missed,(ALIMERKA OVIEDO BALONCESTO) P. GONZALEZ LONGARELA: TIRO DE 3 FALLADO,A. Galan Pozo ,D. De Sousa Anjo Brito,F. Dos Anjos De Paula,M. Speight,S. Quintela Salvador,A. Faure Ribes,G. Parham Ii,M. Townes Villar,P. Gonzalez Longarela,R. Lobaco Muñoz
4,07:33,453,71,58,MONBUS OBRADOIRO,F. Dos Anjos De Paula,2PT Made,(MONBUS OBRADOIRO) F. DOS ANJOS DE PAULA: TIRO DE 2 ANOTADO (Puntos: 10),A. Galan Pozo ,D. De Sousa Anjo Brito,F. Dos Anjos De Paula,M. Speight,S. Quintela Salvador,A. Faure Ribes,G. Parham Ii,M. Townes Villar,P. Gonzalez Longarela,R. Lobaco Muñoz
4,07:33,453,71,58,ALIMERKA OVIEDO BALONCESTO,G. Parham Ii,Foul,(ALIMERKA OVIEDO BALONCESTO) G. PARHAM II: FALTA Personal (Faltas: 1. Faltas de equipo: 23). Tiros libres: 1,A. Galan Pozo ,D. De Sousa Anjo Brito,F. Dos Anjos De Paula,M. Speight,S. Quintela Salvador,A. Faure Ribes,G. Parham Ii,M. Townes Villar,P. Gonzalez Longarela,R. Lobaco Muñoz
4,07:33,453,71,58,MONBUS OBRADOIRO,M. Speight,Assist,(MONBUS OBRADOIRO) M. SPEIGHT: ASISTENCIA (Asistencias: 2),A. Galan Pozo ,D. De Sousa Anjo Brito,F. Dos Anjos De Paula,M. Speight,S. Quintela Salvador,A. Faure Ribes,G. Parham Ii,M. Townes Villar,P. Gonzalez Longarela,R. Lobaco Muñoz
4,07:31,451,72,58,MONBUS OBRADOIRO,F. Dos Anjos De Paula,FT Made,(MONBUS OBRADOIRO) F. DOS ANJOS DE PAULA: TIRO DE 1 ANOTADO (Puntos: 11),A. Galan Pozo ,D. De Sousa Anjo Brito,F. Dos Anjos De Paula,M. Speight,S. Quintela Salvador,A. Faure Ribes,G. Parham Ii,M. Townes Villar,P. Gonzalez Longarela,R. Lobaco Muñoz
4,07:31,451,72,58,ALIMERKA OVIEDO BALONCESTO,P. Gonzalez Longarela,Substitution Out,(ALIMERKA OVIEDO BALONCESTO) P. GONZALEZ LONGARELA: Sustitución (Sale de pista),A. Galan Pozo ,D. De Sousa Anjo Brito,F. Dos Anjos De Paula,M. Speight,S. Quintela Salvador,A. Faure Ribes,G. Parham Ii,M. Townes Villar,R. Lobaco Muñoz,
4,07:31,451,72,58,ALIMERKA OVIEDO BALONCESTO,D. Shelist,Substitution In,(ALIMERKA OVIEDO BALONCESTO) D. SHELIST: Sustitución (Entra a pista),A. Galan Pozo ,D. De Sousa Anjo Brito,F. Dos Anjos De Paula,M. Speight,S. Quintela Salvador,A. Faure Ribes,D. Shelist,G. Parham Ii,M. Townes Villar,R. Lobaco Muñoz
4,07:31,451,72,58,MONBUS OBRADOIRO,M. Speight,Assist,(MONBUS OBRADOIRO) M. SPEIGHT: ASISTENCIA (Asistencias: 3),A. Galan Pozo ,D. De Sousa Anjo Brito,F. Dos Anjos De Paula,M. Speight,S. Quintela Salvador,A. Faure Ribes,D. Shelist,G. Parham Ii,M. Townes Villar,R. Lobaco Muñoz
4,07:31,451,72,58,ALIMERKA OVIEDO BALONCESTO,,Timeout,(ALIMERKA OVIEDO BALONCESTO) Tiempo muerto,A. Galan Pozo ,D. De Sousa Anjo Brito,F. Dos Anjos De Paula,M. Speight,S. Quintela Salvador,A. Faure Ribes,D. Shelist,G. Parham Ii,M. Townes Villar,R. Lobaco Muñoz
4,07:15,435,72,58,MONBUS OBRADOIRO,S. Quintela Salvador,Rebound,(MONBUS OBRADOIRO) S. QUINTELA SALVADOR: REBOTE (Rebotes: 3),A. Galan Pozo ,D. De Sousa Anjo Brito,F. Dos Anjos De Paula,M. Speight,S. Quintela Salvador,A. Faure Ribes,D. Shelist,G. Parham Ii,M. Townes Villar,R. Lobaco Muñoz
4,07:15,435,72,58,ALIMERKA OVIEDO BALONCESTO,M. Townes Villar,3PT Missed,(ALIMERKA OVIEDO BALONCESTO) M. TOWNES VILLAR: TIRO DE 3 FALLADO,A. Galan Pozo ,D. De Sousa Anjo Brito,F. Dos Anjos De Paula,M. Speight,S. Quintela Salvador,A. Faure Ribes,D. Shelist,G. Parham Ii,M. Townes Villar,R. Lobaco Muñoz
4,06:49,409,72,58,MONBUS OBRADOIRO,F. Dos Anjos De Paula,Rebound,(MONBUS OBRADOIRO) F. DOS ANJOS DE PAULA: REBOTE (Rebotes: 2),A. Galan Pozo ,D. De Sousa Anjo Brito,F. Dos Anjos De Paula,M. Speight,S. Quintela Salvador,A. Faure Ribes,D. Shelist,G. Parham Ii,M. Townes Villar,R. Lobaco Muñoz
4,06:49,409,72,58,MONBUS OBRADOIRO,S. Quintela Salvador,3PT Missed,(MONBUS OBRADOIRO) S. QUINTELA SALVADOR: TIRO DE 3 FALLADO,A. Galan Pozo ,D. De Sousa Anjo Brito,F. Dos Anjos De Paula,M. Speight,S. Quintela Salvador,A. Faure Ribes,D. Shelist,G. Parham Ii,M. Townes Villar,R. Lobaco Muñoz
4,06:36,396,72,58,ALIMERKA OVIEDO BALONCESTO,A. Faure Ribes,Rebound,(ALIMERKA OVIEDO BALONCESTO) A. FAURE RIBES: REBOTE (Rebotes: 4),A. Galan Pozo ,D. De Sousa Anjo Brito,F. Dos Anjos De Paula,M. Speight,S. Quintela Salvador,A. Faure Ribes,D. Shelist,G. Parham Ii,M. Townes Villar,R. Lobaco Muñoz
4,06:36,396,72,58,MONBUS OBRADOIRO,S. Quintela Salvador,3PT Missed,(MONBUS OBRADOIRO) S. QUINTELA SALVADOR: TIRO DE 3 FALLADO,A. Galan Pozo ,D. De Sousa Anjo Brito,F. Dos Anjos De Paula,M. Speight,S. Quintela Salvador,A. Faure Ribes,D. Shelist,G. Parham Ii,M. Townes Villar,R. Lobaco Muñoz
4,06:08,368,72,58,ALIMERKA OVIEDO BALONCESTO,A. Faure Ribes,Rebound,(ALIMERKA OVIEDO BALONCESTO) A. FAURE RIBES: REBOTE (Rebotes: 5),A. Galan Pozo ,D. De Sousa Anjo Brito,F. Dos Anjos De Paula,M. Speight,S. Quintela Salvador,A. Faure Ribes,D. Shelist,G. Parham Ii,M. Townes Villar,R. Lobaco Muñoz
4,06:08,368,72,58,ALIMERKA OVIEDO BALONCESTO,A. Faure Ribes,2PT Missed,(ALIMERKA OVIEDO BALONCESTO) A. FAURE RIBES: TIRO DE 2 FALLADO,A. Galan Pozo ,D. De Sousa Anjo Brito,F. Dos Anjos De Paula,M. Speight,S. Quintela Salvador,A. Faure Ribes,D. Shelist,G. Parham Ii,M. Townes Villar,R. Lobaco Muñoz
4,06:05,365,72,58,MONBUS OBRADOIRO,A. Galan Pozo ,Rebound,(MONBUS OBRADOIRO) A. GALAN POZO : REBOTE (Rebotes: 5),A. Galan Pozo ,D. De Sousa Anjo Brito,F. Dos Anjos De Paula,M. Speight,S. Quintela Salvador,A. Faure Ribes,D. Shelist,G. Parham Ii,M. Townes Villar,R. Lobaco Muñoz
4,06:05,365,72,58,ALIMERKA OVIEDO BALONCESTO,R. Lobaco Muñoz,3PT Missed,(ALIMERKA OVIEDO BALONCESTO) R. LOBACO MUÑOZ: TIRO DE 3 FALLADO,A. Galan Pozo ,D. De Sousa Anjo Brito,F. Dos Anjos De Paula,M. Speight,S. Quintela Salvador,A. Faure Ribes,D. Shelist,G. Parham Ii,M. Townes Villar,R. Lobaco Muñoz
4,05:51,351,72,58,ALIMERKA OVIEDO BALONCESTO,A. Faure Ribes,Steal,(ALIMERKA OVIEDO BALONCESTO) A. FAURE RIBES: ROBO (Robos: 1),A. Galan Pozo ,D. De Sousa Anjo Brito,F. Dos Anjos De Paula,M. Speight,S. Quintela Salvador,A. Faure Ribes,D. Shelist,G. Parham Ii,M. Townes Villar,R. Lobaco Muñoz
4,05:51,351,72,58,MONBUS OBRADOIRO,M. Speight,Turnover,(MONBUS OBRADOIRO) M. SPEIGHT: PÉRDIDA (Pérdidas: 3),A. Galan Pozo ,D. De Sousa Anjo Brito,F. Dos Anjos De Paula,M. Speight,S. Quintela Salvador,A. Faure Ribes,D. Shelist,G. Parham Ii,M. Townes Villar,R. Lobaco Muñoz
4,05:46,346,72,60,ALIMERKA OVIEDO BALONCESTO,A. Faure Ribes,2PT Made,(ALIMERKA OVIEDO BALONCESTO) A. FAURE RIBES: TIRO DE 2 ANOTADO (Puntos: 6),A. Galan Pozo ,D. De Sousa Anjo Brito,F. Dos Anjos De Paula,M. Speight,S. Quintela Salvador,A. Faure Ribes,D. Shelist,G. Parham Ii,M. Townes Villar,R. Lobaco Muñoz
4,05:32,332,72,60,ALIMERKA OVIEDO BALONCESTO,R. Lobaco Muñoz,Steal,(ALIMERKA OVIEDO BALONCESTO) R. LOBACO MUÑOZ: ROBO (Robos: 1),A. Galan Pozo ,D. De Sousa Anjo Brito,F. Dos Anjos De Paula,M. Speight,S. Quintela Salvador,A. Faure Ribes,D. Shelist,G. Parham Ii,M. Townes Villar,R. Lobaco Muñoz
4,05:32,332,72,60,MONBUS OBRADOIRO,M. Speight,Turnover,(MONBUS OBRADOIRO) M. SPEIGHT: PÉRDIDA (Pérdidas: 4),A. Galan Pozo ,D. De Sousa Anjo Brito,F. Dos Anjos De Paula,M. Speight,S. Quintela Salvador,A. Faure Ribes,D. Shelist,G. Parham Ii,M. Townes Villar,R. Lobaco Muñoz
4,05:16,316,72,60,MONBUS OBRADOIRO,M. Speight,Substitution Out,(MONBUS OBRADOIRO) M. SPEIGHT: Sustitución (Sale de pista),A. Galan Pozo ,D. De Sousa Anjo Brito,F. Dos Anjos De Paula,S. Quintela Salvador,,A. Faure Ribes,D. Shelist,G. Parham Ii,M. Townes Villar,R. Lobaco Muñoz
4,05:16,316,72,60,ALIMERKA OVIEDO BALONCESTO,R. Lobaco Muñoz,Substitution Out,(ALIMERKA OVIEDO BALONCESTO) R. LOBACO MUÑOZ: Sustitución (Sale de pista),A. Galan Pozo ,D. De Sousa Anjo Brito,F. Dos Anjos De Paula,S. Quintela Salvador,,A. Faure Ribes,D. Shelist,G. Parham Ii,M. Townes Villar,
4,05:16,316,72,60,ALIMERKA OVIEDO BALONCESTO,A. Faure Ribes,Substitution Out,(ALIMERKA OVIEDO BALONCESTO) A. FAURE RIBES: Sustitución (Sale de pista),A. Galan Pozo ,D. De Sousa Anjo Brito,F. Dos Anjos De Paula,S. Quintela Salvador,,D. Shelist,G. Parham Ii,M. Townes Villar,,
4,05:16,316,72,60,ALIMERKA OVIEDO BALONCESTO,D. Duscak,Substitution In,(ALIMERKA OVIEDO BALONCESTO) D. DUSCAK: Sustitución (Entra a pista),A. Galan Pozo ,D. De Sousa Anjo Brito,F. Dos Anjos De Paula,S. Quintela Salvador,,D. Duscak,D. Shelist,G. Parham Ii,M. Townes Villar,
4,05:16,316,72,60,ALIMERKA OVIEDO BALONCESTO,F. Nwaokorie,Substitution In,(ALIMERKA OVIEDO BALONCESTO) F. NWAOKORIE: Sustitución (Entra a pista),A. Galan Pozo ,D. De Sousa Anjo Brito,F. Dos Anjos De Paula,S. Quintela Salvador,,D. Duscak,D. Shelist,F. Nwaokorie,G. Parham Ii,M. Townes Villar
4,05:16,316,72,60,MONBUS OBRADOIRO,L. Westermann,Substitution In,(MONBUS OBRADOIRO) L. WESTERMANN: Sustitución (Entra a pista),A. Galan Pozo ,D. De Sousa Anjo Brito,F. Dos Anjos De Paula,L. Westermann,S. Quintela Salvador,D. Duscak,D. Shelist,F. Nwaokorie,G. Parham Ii,M. Townes Villar
4,05:16,316,72,60,MONBUS OBRADOIRO,A. Galan Pozo ,Foul,(MONBUS OBRADOIRO) A. GALAN POZO : FALTA Personal (Faltas: 2. Faltas de equipo: 21). Tiros libres: 0,A. Galan Pozo ,D. De Sousa Anjo Brito,F. Dos Anjos De Paula,L. Westermann,S. Quintela Salvador,D. Duscak,D. Shelist,F. Nwaokorie,G. Parham Ii,M. Townes Villar
4,05:06,306,72,60,MONBUS OBRADOIRO,L. Westermann,Rebound,(MONBUS OBRADOIRO) L. WESTERMANN: REBOTE (Rebotes: 3),A. Galan Pozo ,D. De Sousa Anjo Brito,F. Dos Anjos De Paula,L. Westermann,S. Quintela Salvador,D. Duscak,D. Shelist,F. Nwaokorie,G. Parham Ii,M. Townes Villar
4,05:06,306,72,60,MONBUS OBRADOIRO,F. Dos Anjos De Paula,Block,(MONBUS OBRADOIRO) F. DOS ANJOS DE PAULA: TAPÓN (Tapones: 1),A. Galan Pozo ,D. De Sousa Anjo Brito,F. Dos Anjos De Paula,L. Westermann,S. Quintela Salvador,D. Duscak,D. Shelist,F. Nwaokorie,G. Parham Ii,M. Townes Villar
4,05:06,306,72,60,ALIMERKA OVIEDO BALONCESTO,D. Shelist,2PT Missed,(ALIMERKA OVIEDO BALONCESTO) D. SHELIST: TIRO DE 2 FALLADO,A. Galan Pozo ,D. De Sousa Anjo Brito,F. Dos Anjos De Paula,L. Westermann,S. Quintela Salvador,D. Duscak,D. Shelist,F. Nwaokorie,G. Parham Ii,M. Townes Villar
4,05:00,300,72,60,MONBUS OBRADOIRO,L. Westermann,Turnover,(MONBUS OBRADOIRO) L. WESTERMANN: PÉRDIDA (Pérdidas: 3),A. Galan Pozo ,D. De Sousa Anjo Brito,F. Dos Anjos De Paula,L. Westermann,S. Quintela Salvador,D. Duscak,D. Shelist,F. Nwaokorie,G. Parham Ii,M. Townes Villar
4,04:56,296,72,60,MONBUS OBRADOIRO,S. Quintela Salvador,Foul,(MONBUS OBRADOIRO) S. QUINTELA SALVADOR: FALTA Personal (Faltas: 3. Faltas de equipo: 22). Tiros libres: 0,A. Galan Pozo ,D. De Sousa Anjo Brito,F. Dos Anjos De Paula,L. Westermann,S. Quintela Salvador,D. Duscak,D. Shelist,F. Nwaokorie,G. Parham Ii,M. Townes Villar
4,04:53,293,72,60,ALIMERKA OVIEDO BALONCESTO,G. Parham Ii,Turnover,(ALIMERKA OVIEDO BALONCESTO) G. PARHAM II: PÉRDIDA (Pérdidas: 1),A. Galan Pozo ,D. De Sousa Anjo Brito,F. Dos Anjos De Paula,L. Westermann,S. Quintela Salvador,D. Duscak,D. Shelist,F. Nwaokorie,G. Parham Ii,M. Townes Villar
4,04:53,293,72,60,ALIMERKA OVIEDO BALONCESTO,G. Parham Ii,Foul,(ALIMERKA OVIEDO BALONCESTO) G. PARHAM II: FALTA Ofensiva (Faltas: 2. Faltas de equipo: 24). Tiros libres: 0,A. Galan Pozo ,D. De Sousa Anjo Brito,F. Dos Anjos De Paula,L. Westermann,S. Quintela Salvador,D. Duscak,D. Shelist,F. Nwaokorie,G. Parham Ii,M. Townes Villar
4,04:39,279,73,60,MONBUS OBRADOIRO,D. De Sousa Anjo Brito,FT Made,(MONBUS OBRADOIRO) D. DE SOUSA ANJO BRITO: TIRO DE 1 ANOTADO (Puntos: 8),A. Galan Pozo ,D. De Sousa Anjo Brito,F. Dos Anjos De Paula,L. Westermann,S. Quintela Salvador,D. Duscak,D. Shelist,F. Nwaokorie,G. Parham Ii,M. Townes Villar
4,04:39,279,74,60,MONBUS OBRADOIRO,D. De Sousa Anjo Brito,FT Made,(MONBUS OBRADOIRO) D. DE SOUSA ANJO BRITO: TIRO DE 1 ANOTADO (Puntos: 9),A. Galan Pozo ,D. De Sousa Anjo Brito,F. Dos Anjos De Paula,L. Westermann,S. Quintela Salvador,D. Duscak,D. Shelist,F. Nwaokorie,G. Parham Ii,M. Townes Villar
4,04:39,279,74,60,ALIMERKA OVIEDO BALONCESTO,F. Nwaokorie,Foul,(ALIMERKA OVIEDO BALONCESTO) F. NWAOKORIE: FALTA Personal (Faltas: 3. Faltas de equipo: 25). Tiros libres: 2,A. Galan Pozo ,D. De Sousa Anjo Brito,F. Dos Anjos De Paula,L. Westermann,S. Quintela Salvador,D. Duscak,D. Shelist,F. Nwaokorie,G. Parham Ii,M. Townes Villar
4,04:22,262,74,60,ALIMERKA OVIEDO BALONCESTO,M. Townes Villar,Substitution Out,(ALIMERKA OVIEDO BALONCESTO) M. TOWNES VILLAR: Sustitución (Sale de pista),A. Galan Pozo ,D. De Sousa Anjo Brito,F. Dos Anjos De Paula,L. Westermann,S. Quintela Salvador,D. Duscak,D. Shelist,F. Nwaokorie,G. Parham Ii,
4,04:22,262,74,60,ALIMERKA OVIEDO BALONCESTO,F. Copes,Substitution In,(ALIMERKA OVIEDO BALONCESTO) F. COPES: Sustitución (Entra a pista),A. Galan Pozo ,D. De Sousa Anjo Brito,F. Dos Anjos De Paula,L. Westermann,S. Quintela Salvador,D. Duscak,D. Shelist,F. Copes,F. Nwaokorie,G. Parham Ii
4,04:22,262,74,60,ALIMERKA OVIEDO BALONCESTO,D. Shelist,Turnover,(ALIMERKA OVIEDO BALONCESTO) D. SHELIST: PÉRDIDA (Pérdidas: 3),A. Galan Pozo ,D. De Sousa Anjo Brito,F. Dos Anjos De Paula,L. Westermann,S. Quintela Salvador,D. Duscak,D. Shelist,F. Copes,F. Nwaokorie,G. Parham Ii
4,04:22,262,74,60,ALIMERKA OVIEDO BALONCESTO,D. Shelist,Foul,(ALIMERKA OVIEDO BALONCESTO) D. SHELIST: FALTA Ofensiva (Faltas: 3. Faltas de equipo: 26). Tiros libres: 0,A. Galan Pozo ,D. De Sousa Anjo Brito,F. Dos Anjos De Paula,L. Westermann,S. Quintela Salvador,D. Duscak,D. Shelist,F. Copes,F. Nwaokorie,G. Parham Ii
4,04:07,247,76,60,MONBUS OBRADOIRO,F. Dos Anjos De Paula,2PT Made,(MONBUS OBRADOIRO) F. DOS ANJOS DE PAULA: TIRO DE 2 ANOTADO (Puntos: 13),A. Galan Pozo ,D. De Sousa Anjo Brito,F. Dos Anjos De Paula,L. Westermann,S. Quintela Salvador,D. Duscak,D. Shelist,F. Copes,F. Nwaokorie,G. Parham Ii
4,04:07,247,76,60,MONBUS OBRADOIRO,S. Quintela Salvador,Assist,(MONBUS OBRADOIRO) S. QUINTELA SALVADOR: ASISTENCIA (Asistencias: 2),A. Galan Pozo ,D. De Sousa Anjo Brito,F. Dos Anjos De Paula,L. Westermann,S. Quintela Salvador,D. Duscak,D. Shelist,F. Copes,F. Nwaokorie,G. Parham Ii
4,03:45,225,76,60,ALIMERKA OVIEDO BALONCESTO,F. Copes,Rebound,(ALIMERKA OVIEDO BALONCESTO) F. COPES: REBOTE (Rebotes: 1),A. Galan Pozo ,D. De Sousa Anjo Brito,F. Dos Anjos De Paula,L. Westermann,S. Quintela Salvador,D. Duscak,D. Shelist,F. Copes,F. Nwaokorie,G. Parham Ii
4,03:45,225,76,60,ALIMERKA OVIEDO BALONCESTO,D. Duscak,3PT Missed,(ALIMERKA OVIEDO BALONCESTO) D. DUSCAK: TIRO DE 3 FALLADO,A. Galan Pozo ,D. De Sousa Anjo Brito,F. Dos Anjos De Paula,L. Westermann,S. Quintela Salvador,D. Duscak,D. Shelist,F. Copes,F. Nwaokorie,G. Parham Ii
4,03:41,221,76,60,ALIMERKA OVIEDO BALONCESTO,F. Nwaokorie,Rebound,(ALIMERKA OVIEDO BALONCESTO) F. NWAOKORIE: REBOTE (Rebotes: 2),A. Galan Pozo ,D. De Sousa Anjo Brito,F. Dos Anjos De Paula,L. Westermann,S. Quintela Salvador,D. Duscak,D. Shelist,F. Copes,F. Nwaokorie,G. Parham Ii
4,03:41,221,76,60,ALIMERKA OVIEDO BALONCESTO,G. Parham Ii,3PT Missed,(ALIMERKA OVIEDO BALONCESTO) G. PARHAM II: TIRO DE 3 FALLADO,A. Galan Pozo ,D. De Sousa Anjo Brito,F. Dos Anjos De Paula,L. Westermann,S. Quintela Salvador,D. Duscak,D. Shelist,F. Copes,F. Nwaokorie,G. Parham Ii
4,03:33,213,76,60,ALIMERKA OVIEDO BALONCESTO,G. Parham Ii,Substitution Out,(ALIMERKA OVIEDO BALONCESTO) G. PARHAM II: Sustitución (Sale de pista),A. Galan Pozo ,D. De Sousa Anjo Brito,F. Dos Anjos De Paula,L. Westermann,S. Quintela Salvador,D. Duscak,D. Shelist,F. Copes,F. Nwaokorie,
4,03:33,213,76,60,MONBUS OBRADOIRO,D. De Sousa Anjo Brito,Substitution Out,(MONBUS OBRADOIRO) D. DE SOUSA ANJO BRITO: Sustitución (Sale de pista),A. Galan Pozo ,F. Dos Anjos De Paula,L. Westermann,S. Quintela Salvador,,D. Duscak,D. Shelist,F. Copes,F. Nwaokorie,
4,03:33,213,76,60,ALIMERKA OVIEDO BALONCESTO,P. Gonzalez Longarela,Substitution In,(ALIMERKA OVIEDO BALONCESTO) P. GONZALEZ LONGARELA: Sustitución (Entra a pista),A. Galan Pozo ,F. Dos Anjos De Paula,L. Westermann,S. Quintela Salvador,,D. Duscak,D. Shelist,F. Copes,F. Nwaokorie,P. Gonzalez Longarela
4,03:33,213,76,60,MONBUS OBRADOIRO,A. Barcello,Substitution In,(MONBUS OBRADOIRO) A. BARCELLO: Sustitución (Entra a pista),A. Barcello,A. Galan Pozo ,F. Dos Anjos De Paula,L. Westermann,S. Quintela Salvador,D. Duscak,D. Shelist,F. Copes,F. Nwaokorie,P. Gonzalez Longarela
4,03:33,213,76,60,ALIMERKA OVIEDO BALONCESTO,G. Parham Ii,Turnover,(ALIMERKA OVIEDO BALONCESTO) G. PARHAM II: PÉRDIDA (Pérdidas: 2),A. Barcello,A. Galan Pozo ,F. Dos Anjos De Paula,L. Westermann,S. Quintela Salvador,D. Duscak,D. Shelist,F. Copes,F. Nwaokorie,P. Gonzalez Longarela
4,03:16,196,76,60,MONBUS OBRADOIRO,L. Westermann,Turnover,(MONBUS OBRADOIRO) L. WESTERMANN: PÉRDIDA (Pérdidas: 4),A. Barcello,A. Galan Pozo ,F. Dos Anjos De Paula,L. Westermann,S. Quintela Salvador,D. Duscak,D. Shelist,F. Copes,F. Nwaokorie,P. Gonzalez Longarela
4,02:50,170,76,60,MONBUS OBRADOIRO,L. Westermann,Rebound,(MONBUS OBRADOIRO) L. WESTERMANN: REBOTE (Rebotes: 4),A. Barcello,A. Galan Pozo ,F. Dos Anjos De Paula,L. Westermann,S. Quintela Salvador,D. Duscak,D. Shelist,F. Copes,F. Nwaokorie,P. Gonzalez Longarela
4,02:50,170,76,60,ALIMERKA OVIEDO BALONCESTO,F. Nwaokorie,3PT Missed,(ALIMERKA OVIEDO BALONCESTO) F. NWAOKORIE: TIRO DE 3 FALLADO,A. Barcello,A. Galan Pozo ,F. Dos Anjos De Paula,L. Westermann,S. Quintela Salvador,D. Duscak,D. Shelist,F. Copes,F. Nwaokorie,P. Gonzalez Longarela
4,02:43,163,76,60,ALIMERKA OVIEDO BALONCESTO,P. Gonzalez Longarela,Rebound,(ALIMERKA OVIEDO BALONCESTO) P. GONZALEZ LONGARELA: REBOTE (Rebotes: 1),A. Barcello,A. Galan Pozo ,F. Dos Anjos De Paula,L. Westermann,S. Quintela Salvador,D. Duscak,D. Shelist,F. Copes,F. Nwaokorie,P. Gonzalez Longarela
4,02:43,163,76,60,MONBUS OBRADOIRO,S. Quintela Salvador,2PT Missed,(MONBUS OBRADOIRO) S. QUINTELA SALVADOR: TIRO DE 2 FALLADO,A. Barcello,A. Galan Pozo ,F. Dos Anjos De Paula,L. Westermann,S. Quintela Salvador,D. Duscak,D. Shelist,F. Copes,F. Nwaokorie,P. Gonzalez Longarela
4,02:31,151,76,60,ALIMERKA OVIEDO BALONCESTO,D. Shelist,Substitution Out,(ALIMERKA OVIEDO BALONCESTO) D. SHELIST: Sustitución (Sale de pista),A. Barcello,A. Galan Pozo ,F. Dos Anjos De Paula,L. Westermann,S. Quintela Salvador,D. Duscak,F. Copes,F. Nwaokorie,P. Gonzalez Longarela,
4,02:31,151,76,60,MONBUS OBRADOIRO,A. Galan Pozo ,Substitution Out,(MONBUS OBRADOIRO) A. GALAN POZO : Sustitución (Sale de pista),A. Barcello,F. Dos Anjos De Paula,L. Westermann,S. Quintela Salvador,,D. Duscak,F. Copes,F. Nwaokorie,P. Gonzalez Longarela,
4,02:31,151,76,60,ALIMERKA OVIEDO BALONCESTO,R. Lobaco Muñoz,Substitution In,(ALIMERKA OVIEDO BALONCESTO) R. LOBACO MUÑOZ: Sustitución (Entra a pista),A. Barcello,F. Dos Anjos De Paula,L. Westermann,S. Quintela Salvador,,D. Duscak,F. Copes,F. Nwaokorie,P. Gonzalez Longarela,R. Lobaco Muñoz
4,02:31,151,76,60,MONBUS OBRADOIRO,T. Munnings,Substitution In,(MONBUS OBRADOIRO) T. MUNNINGS: Sustitución (Entra a pista),A. Barcello,F. Dos Anjos De Paula,L. Westermann,S. Quintela Salvador,T. Munnings,D. Duscak,F. Copes,F. Nwaokorie,P. Gonzalez Longarela,R. Lobaco Muñoz
4,02:31,151,76,60,ALIMERKA OVIEDO BALONCESTO,D. Shelist,Turnover,(ALIMERKA OVIEDO BALONCESTO) D. SHELIST: PÉRDIDA (Pérdidas: 4),A. Barcello,F. Dos Anjos De Paula,L. Westermann,S. Quintela Salvador,T. Munnings,D. Duscak,F. Copes,F. Nwaokorie,P. Gonzalez Longarela,R. Lobaco Muñoz
4,02:31,151,76,60,ALIMERKA OVIEDO BALONCESTO,D. Shelist,Foul,(ALIMERKA OVIEDO BALONCESTO) D. SHELIST: FALTA Ofensiva (Faltas: 4. Faltas de equipo: 27). Tiros libres: 0,A. Barcello,F. Dos Anjos De Paula,L. Westermann,S. Quintela Salvador,T. Munnings,D. Duscak,F. Copes,F. Nwaokorie,P. Gonzalez Longarela,R. Lobaco Muñoz
4,02:20,140,76,60,MONBUS OBRADOIRO,F. Dos Anjos De Paula,Rebound,(MONBUS OBRADOIRO) F. DOS ANJOS DE PAULA: REBOTE (Rebotes: 3),A. Barcello,F. Dos Anjos De Paula,L. Westermann,S. Quintela Salvador,T. Munnings,D. Duscak,F. Copes,F. Nwaokorie,P. Gonzalez Longarela,R. Lobaco Muñoz
4,02:20,140,76,60,MONBUS OBRADOIRO,L. Westermann,2PT Missed,(MONBUS OBRADOIRO) L. WESTERMANN: TIRO DE 2 FALLADO,A. Barcello,F. Dos Anjos De Paula,L. Westermann,S. Quintela Salvador,T. Munnings,D. Duscak,F. Copes,F. Nwaokorie,P. Gonzalez Longarela,R. Lobaco Muñoz
4,02:16,136,78,60,MONBUS OBRADOIRO,F. Dos Anjos De Paula,2PT Made,(MONBUS OBRADOIRO) F. DOS ANJOS DE PAULA: MATE ANOTADO (Puntos: 15),A. Barcello,F. Dos Anjos De Paula,L. Westermann,S. Quintela Salvador,T. Munnings,D. Duscak,F. Copes,F. Nwaokorie,P. Gonzalez Longarela,R. Lobaco Muñoz
4,02:01,121,78,60,MONBUS OBRADOIRO,S. Quintela Salvador,Rebound,(MONBUS OBRADOIRO) S. QUINTELA SALVADOR: REBOTE (Rebotes: 4),A. Barcello,F. Dos Anjos De Paula,L. Westermann,S. Quintela Salvador,T. Munnings,D. Duscak,F. Copes,F. Nwaokorie,P. Gonzalez Longarela,R. Lobaco Muñoz
4,02:01,121,78,60,ALIMERKA OVIEDO BALONCESTO,F. Copes,3PT Missed,(ALIMERKA OVIEDO BALONCESTO) F. COPES: TIRO DE 3 FALLADO,A. Barcello,F. Dos Anjos De Paula,L. Westermann,S. Quintela Salvador,T. Munnings,D. Duscak,F. Copes,F. Nwaokorie,P. Gonzalez Longarela,R. Lobaco Muñoz
4,01:42,102,80,60,MONBUS OBRADOIRO,F. Dos Anjos De Paula,2PT Made,(MONBUS OBRADOIRO) F. DOS ANJOS DE PAULA: TIRO DE 2 ANOTADO (Puntos: 17),A. Barcello,F. Dos Anjos De Paula,L. Westermann,S. Quintela Salvador,T. Munnings,D. Duscak,F. Copes,F. Nwaokorie,P. Gonzalez Longarela,R. Lobaco Muñoz
4,01:42,102,81,60,MONBUS OBRADOIRO,F. Dos Anjos De Paula,FT Made,(MONBUS OBRADOIRO) F. DOS ANJOS DE PAULA: TIRO DE 1 ANOTADO (Puntos: 18),A. Barcello,F. Dos Anjos De Paula,L. Westermann,S. Quintela Salvador,T. Munnings,D. Duscak,F. Copes,F. Nwaokorie,P. Gonzalez Longarela,R. Lobaco Muñoz
4,01:42,102,81,60,MONBUS OBRADOIRO,T. Munnings,Assist,(MONBUS OBRADOIRO) T. MUNNINGS: ASISTENCIA (Asistencias: 2),A. Barcello,F. Dos Anjos De Paula,L. Westermann,S. Quintela Salvador,T. Munnings,D. Duscak,F. Copes,F. Nwaokorie,P. Gonzalez Longarela,R. Lobaco Muñoz
4,01:42,102,81,60,ALIMERKA OVIEDO BALONCESTO,P. Gonzalez Longarela,Foul,(ALIMERKA OVIEDO BALONCESTO) P. GONZALEZ LONGARELA: FALTA Personal (Faltas: 4. Faltas de equipo: 28). Tiros libres: 1,A. Barcello,F. Dos Anjos De Paula,L. Westermann,S. Quintela Salvador,T. Munnings,D. Duscak,F. Copes,F. Nwaokorie,P. Gonzalez Longarela,R. Lobaco Muñoz
4,01:42,102,81,60,MONBUS OBRADOIRO,T. Munnings,Assist,(MONBUS OBRADOIRO) T. MUNNINGS: ASISTENCIA (Asistencias: 2),A. Barcello,F. Dos Anjos De Paula,L. Westermann,S. Quintela Salvador,T. Munnings,D. Duscak,F. Copes,F. Nwaokorie,P. Gonzalez Longarela,R. Lobaco Muñoz
4,01:34,94,81,60,MONBUS OBRADOIRO,L. Westermann,Rebound,(MONBUS OBRADOIRO) L. WESTERMANN: REBOTE (Rebotes: 5),A. Barcello,F. Dos Anjos De Paula,L. Westermann,S. Quintela Salvador,T. Munnings,D. Duscak,F. Copes,F. Nwaokorie,P. Gonzalez Longarela,R. Lobaco Muñoz
4,01:34,94,81,60,MONBUS OBRADOIRO,F. Dos Anjos De Paula,Block,(MONBUS OBRADOIRO) F. DOS ANJOS DE PAULA: TAPÓN (Tapones: 2),A. Barcello,F. Dos Anjos De Paula,L. Westermann,S. Quintela Salvador,T. Munnings,D. Duscak,F. Copes,F. Nwaokorie,P. Gonzalez Longarela,R. Lobaco Muñoz
4,01:34,94,81,60,ALIMERKA OVIEDO BALONCESTO,D. Duscak,2PT Missed,(ALIMERKA OVIEDO BALONCESTO) D. DUSCAK: TIRO DE 2 FALLADO,A. Barcello,F. Dos Anjos De Paula,L. Westermann,S. Quintela Salvador,T. Munnings,D. Duscak,F. Copes,F. Nwaokorie,P. Gonzalez Longarela,R. Lobaco Muñoz
4,01:28,88,81,60,ALIMERKA OVIEDO BALONCESTO,D. Duscak,Steal,(ALIMERKA OVIEDO BALONCESTO) D. DUSCAK: ROBO (Robos: 3),A. Barcello,F. Dos Anjos De Paula,L. Westermann,S. Quintela Salvador,T. Munnings,D. Duscak,F. Copes,F. Nwaokorie,P. Gonzalez Longarela,R. Lobaco Muñoz
4,01:28,88,81,60,MONBUS OBRADOIRO,L. Westermann,Turnover,(MONBUS OBRADOIRO) L. WESTERMANN: PÉRDIDA (Pérdidas: 5),A. Barcello,F. Dos Anjos De Paula,L. Westermann,S. Quintela Salvador,T. Munnings,D. Duscak,F. Copes,F. Nwaokorie,P. Gonzalez Longarela,R. Lobaco Muñoz
4,01:12,72,81,62,ALIMERKA OVIEDO BALONCESTO,P. Gonzalez Longarela,2PT Made,(ALIMERKA OVIEDO BALONCESTO) P. GONZALEZ LONGARELA: TIRO DE 2 ANOTADO (Puntos: 2),A. Barcello,F. Dos Anjos De Paula,L. Westermann,S. Quintela Salvador,T. Munnings,D. Duscak,F. Copes,F. Nwaokorie,P. Gonzalez Longarela,R. Lobaco Muñoz
4,01:12,72,81,63,ALIMERKA OVIEDO BALONCESTO,P. Gonzalez Longarela,FT Made,(ALIMERKA OVIEDO BALONCESTO) P. GONZALEZ LONGARELA: TIRO DE 1 ANOTADO (Puntos: 3),A. Barcello,F. Dos Anjos De Paula,L. Westermann,S. Quintela Salvador,T. Munnings,D. Duscak,F. Copes,F. Nwaokorie,P. Gonzalez Longarela,R. Lobaco Muñoz
4,01:12,72,81,63,MONBUS OBRADOIRO,S. Quintela Salvador,Foul,(MONBUS OBRADOIRO) S. QUINTELA SALVADOR: FALTA Personal (Faltas: 4. Faltas de equipo: 23). Tiros libres: 1,A. Barcello,F. Dos Anjos De Paula,L. Westermann,S. Quintela Salvador,T. Munnings,D. Duscak,F. Copes,F. Nwaokorie,P. Gonzalez Longarela,R. Lobaco Muñoz
4,00:55,55,81,63,MONBUS OBRADOIRO,S. Quintela Salvador,Rebound,(MONBUS OBRADOIRO) S. QUINTELA SALVADOR: REBOTE (Rebotes: 5),A. Barcello,F. Dos Anjos De Paula,L. Westermann,S. Quintela Salvador,T. Munnings,D. Duscak,F. Copes,F. Nwaokorie,P. Gonzalez Longarela,R. Lobaco Muñoz
4,00:55,55,81,63,MONBUS OBRADOIRO,S. Quintela Salvador,3PT Missed,(MONBUS OBRADOIRO) S. QUINTELA SALVADOR: TIRO DE 3 FALLADO,A. Barcello,F. Dos Anjos De Paula,L. Westermann,S. Quintela Salvador,T. Munnings,D. Duscak,F. Copes,F. Nwaokorie,P. Gonzalez Longarela,R. Lobaco Muñoz
4,00:44,44,81,63,ALIMERKA OVIEDO BALONCESTO,F. Nwaokorie,Steal,(ALIMERKA OVIEDO BALONCESTO) F. NWAOKORIE: ROBO (Robos: 2),A. Barcello,F. Dos Anjos De Paula,L. Westermann,S. Quintela Salvador,T. Munnings,D. Duscak,F. Copes,F. Nwaokorie,P. Gonzalez Longarela,R. Lobaco Muñoz
4,00:44,44,81,63,MONBUS OBRADOIRO,S. Quintela Salvador,Turnover,(MONBUS OBRADOIRO) S. QUINTELA SALVADOR: PÉRDIDA (Pérdidas: 3),A. Barcello,F. Dos Anjos De Paula,L. Westermann,S. Quintela Salvador,T. Munnings,D. Duscak,F. Copes,F. Nwaokorie,P. Gonzalez Longarela,R. Lobaco Muñoz
4,00:40,40,81,65,ALIMERKA OVIEDO BALONCESTO,F. Nwaokorie,2PT Made,(ALIMERKA OVIEDO BALONCESTO) F. NWAOKORIE: TIRO DE 2 ANOTADO (Puntos: 8),A. Barcello,F. Dos Anjos De Paula,L. Westermann,S. Quintela Salvador,T. Munnings,D. Duscak,F. Copes,F. Nwaokorie,P. Gonzalez Longarela,R. Lobaco Muñoz
4,00:40,40,81,65,MONBUS OBRADOIRO,S. Quintela Salvador,Substitution Out,(MONBUS OBRADOIRO) S. QUINTELA SALVADOR: Sustitución (Sale de pista),A. Barcello,F. Dos Anjos De Paula,L. Westermann,T. Munnings,,D. Duscak,F. Copes,F. Nwaokorie,P. Gonzalez Longarela,R. Lobaco Muñoz
4,00:40,40,81,65,MONBUS OBRADOIRO,D. De Sousa Anjo Brito,Substitution In,(MONBUS OBRADOIRO) D. DE SOUSA ANJO BRITO: Sustitución (Entra a pista),A. Barcello,D. De Sousa Anjo Brito,F. Dos Anjos De Paula,L. Westermann,T. Munnings,D. Duscak,F. Copes,F. Nwaokorie,P. Gonzalez Longarela,R. Lobaco Muñoz
4,00:40,40,81,65,ALIMERKA OVIEDO BALONCESTO,D. Duscak,Assist,(ALIMERKA OVIEDO BALONCESTO) D. DUSCAK: ASISTENCIA (Asistencias: 2),A. Barcello,D. De Sousa Anjo Brito,F. Dos Anjos De Paula,L. Westermann,T. Munnings,D. Duscak,F. Copes,F. Nwaokorie,P. Gonzalez Longarela,R. Lobaco Muñoz
4,00:27,27,84,65,MONBUS OBRADOIRO,T. Munnings,3PT Made,(MONBUS OBRADOIRO) T. MUNNINGS: TIRO DE 3 ANOTADO (Puntos: 3),A. Barcello,D. De Sousa Anjo Brito,F. Dos Anjos De Paula,L. Westermann,T. Munnings,D. Duscak,F. Copes,F. Nwaokorie,P. Gonzalez Longarela,R. Lobaco Muñoz
4,00:27,27,84,65,MONBUS OBRADOIRO,A. Barcello,Assist,(MONBUS OBRADOIRO) A. BARCELLO: ASISTENCIA (Asistencias: 3),A. Barcello,D. De Sousa Anjo Brito,F. Dos Anjos De Paula,L. Westermann,T. Munnings,D. Duscak,F. Copes,F. Nwaokorie,P. Gonzalez Longarela,R. Lobaco Muñoz
4,00:14,14,84,65,MONBUS OBRADOIRO,T. Munnings,Rebound,(MONBUS OBRADOIRO) T. MUNNINGS: REBOTE (Rebotes: 2),A. Barcello,D. De Sousa Anjo Brito,F. Dos Anjos De Paula,L. Westermann,T. Munnings,D. Duscak,F. Copes,F. Nwaokorie,P. Gonzalez Longarela,R. Lobaco Muñoz
4,00:14,14,84,65,ALIMERKA OVIEDO BALONCESTO,F. Nwaokorie,3PT Missed,(ALIMERKA OVIEDO BALONCESTO) F. NWAOKORIE: TIRO DE 3 FALLADO,A. Barcello,D. De Sousa Anjo Brito,F. Dos Anjos De Paula,L. Westermann,T. Munnings,D. Duscak,F. Copes,F. Nwaokorie,P. Gonzalez Longarela,R. Lobaco Muñoz
4,00:08,8,86,65,MONBUS OBRADOIRO,F. Dos Anjos De Paula,2PT Made,(MONBUS OBRADOIRO) F. DOS ANJOS DE PAULA: MATE ANOTADO (Puntos: 20),A. Barcello,D. De Sousa Anjo Brito,F. Dos Anjos De Paula,L. Westermann,T. Munnings,D. Duscak,F. Copes,F. Nwaokorie,P. Gonzalez Longarela,R. Lobaco Muñoz
4,00:08,8,86,65,MONBUS OBRADOIRO,T. Munnings,Assist,(MONBUS OBRADOIRO) T. MUNNINGS: ASISTENCIA (Asistencias: 3),A. Barcello,D. De Sousa Anjo Brito,F. Dos Anjos De Paula,L. Westermann,T. Munnings,D. Duscak,F. Copes,F. Nwaokorie,P. Gonzalez Longarela,R. Lobaco Muñoz
4,00:05,5,86,68,ALIMERKA OVIEDO BALONCESTO,R. Lobaco Muñoz,3PT Made,(ALIMERKA OVIEDO BALONCESTO) R. LOBACO MUÑOZ: TIRO DE 3 ANOTADO (Puntos: 14),A. Barcello,D. De Sousa Anjo Brito,F. Dos Anjos De Paula,L. Westermann,T. Munnings,D. Duscak,F. Copes,F. Nwaokorie,P. Gonzalez Longarela,R. Lobaco Muñoz
4,00:05,5,86,68,ALIMERKA OVIEDO BALONCESTO,D. Duscak,Assist,(ALIMERKA OVIEDO BALONCESTO) D. DUSCAK: ASISTENCIA (Asistencias: 3),A. Barcello,D. De Sousa Anjo Brito,F. Dos Anjos De Paula,L. Westermann,T. Munnings,D. Duscak,F. Copes,F. Nwaokorie,P. Gonzalez Longarela,R. Lobaco Muñoz
4,00:00,0,86,68,,,Period,Fin del Cuarto 4,A. Barcello,D. De Sousa Anjo Brito,F. Dos Anjos De Paula,L. Westermann,T. Munnings,D. Duscak,F. Copes,F. Nwaokorie,P. Gonzalez Longarela,R. Lobaco Muñoz
